1 0.0389289 0.0389289 0
2 0.0323617 0.0356453 0.00232186
3 0.0348714 0.0353873 0.00156217
4 0.0395945 0.0364391 0.00148405
5 0.0331764 0.0357866 0.00132295
6 0.0383969 0.0362216 0.00117181
7 0.0372692 0.0363713 0.00101392
8 0.0383851 0.036623 0.000917898
9 0.040676 0.0370733 0.000919767
10 0.0398921 0.0373552 0.000869911
11 0.0370691 0.0373292 0.000791217
12 0.0414041 0.0376688 0.00079482
13 0.0393895 0.0378011 0.000744619
14 0.0415076 0.0380659 0.000736996
15 0.0431754 0.0384065 0.00076253
16 0.0368959 0.0383121 0.000720694
17 0.0349368 0.0381136 0.000705119
18 0.0404837 0.0382452 0.000678129
19 0.0364461 0.0381506 0.000649015
20 0.0388444 0.0381852 0.000617491
21 0.0441636 0.0384699 0.000650409
22 0.0364905 0.03838 0.000627037
23 0.0412445 0.0385045 0.000612019
24 0.0404101 0.0385839 0.000591646
25 0.0391877 0.0386081 0.000568473
26 0.03851 0.0386043 0.000546621
27 0.0369582 0.0385433 0.000529765
28 0.0391318 0.0385643 0.000511262
29 0.0340982 0.0384103 0.000516306
30 0.0335573 0.0382486 0.000523826
31 0.0368264 0.0382027 0.000508933
32 0.0400486 0.0382604 0.000496288
33 0.0423426 0.0383841 0.000496427
34 0.0423509 0.0385007 0.000495346
35 0.0379942 0.0384863 0.000481405
36 0.0456309 0.0386847 0.000507294
37 0.0370549 0.0386407 0.000495492
38 0.0459707 0.0388336 0.000518642
39 0.0370158 0.038787 0.000507434
40 0.035984 0.0387169 0.000499563
41 0.0394804 0.0387355 0.000487726
42 0.036805 0.0386896 0.000478274
43 0.0438915 0.0388105 0.000482209
44 0.0380679 0.0387937 0.000471545
45 0.0347205 0.0387031 0.000469673
46 0.0414247 0.0387623 0.000463174
47 0.0409891 0.0388097 0.000455736
48 0.0419277 0.0388746 0.000450847
49 0.0383263 0.0388634 0.000441785
50 0.0353011 0.0387922 0.000438657
51 0.0346271 0.0387105 0.000437592
52 0.0386236 0.0387089 0.00042918
53 0.0379862 0.0386952 0.000421299
54 0.0401637 0.0387224 0.000414374
55 0.0366134 0.0386841 0.00040861
56 0.0373727 0.0386607 0.000401984
57 0.0386997 0.0386613 0.000394932
58 0.0352988 0.0386034 0.000392355
59 0.0407795 0.0386403 0.000387435
60 0.0372977 0.0386179 0.000381623
61 0.0364214 0.0385819 0.000377062
62 0.0359968 0.0385402 0.000373278
63 0.0421068 0.0385968 0.000371622
64 0.0389023 0.0386016 0.000365846
65 0.0377963 0.0385892 0.000360427
66 0.0342205 0.038523 0.000360993
67 0.0366639 0.0384952 0.00035667
68 0.0381331 0.0384899 0.000351464
69 0.0407636 0.0385229 0.000347912
70 0.0398995 0.0385425 0.000343497
71 0.0376534 0.03853 0.000338887
72 0.0365555 0.0385026 0.000335288
73 0.0351406 0.0384565 0.000333843
74 0.0417829 0.0385015 0.000332344
75 0.0333707 0.0384331 0.00033488
76 0.0378411 0.0384253 0.000330564
77 0.0362935 0.0383976 0.000327428
78 0.0398667 0.0384164 0.000323772
79 0.0392589 0.0384271 0.000319849
80 0.0374055 0.0384143 0.000316106
81 0.0403004 0.0384376 0.00031306
82 0.0399669 0.0384563 0.000309797
83 0.0416349 0.0384946 0.000308423
84 0.0377419 0.0384856 0.000304881
85 0.040939 0.0385145 0.000302657
86 0.0366265 0.0384925 0.000299933
87 0.0461175 0.0385801 0.000309026
88 0.0377027 0.0385702 0.000305675
89 0.0389598 0.0385746 0.000302272
90 0.0405857 0.0385969 0.000299738
91 0.0372915 0.0385826 0.000296787
92 0.0343692 0.0385368 0.000297074
93 0.0420579 0.0385746 0.000296282
94 0.0382647 0.0385713 0.000293149
95 0.0411093 0.038598 0.000291278
96 0.0394773 0.0386072 0.000288388
97 0.0345417 0.0385653 0.000288444
98 0.0387283 0.0385669 0.000285505
99 0.0387208 0.0385685 0.000282626
100 0.0358918 0.0385417 0.000281064
101 0.0375752 0.0385322 0.000278444
102 0.0383277 0.0385302 0.000275722
103 0.0401539 0.0385459 0.000273495
104 0.0367646 0.0385288 0.000271401
105 0.0386516 0.03853 0.000268819
106 0.0384889 0.0385296 0.000266283
107 0.0377238 0.038522 0.000263901
108 0.0400588 0.0385363 0.000261841
109 0.0319582 0.0384759 0.000266302
110 0.0359237 0.0384527 0.00026489
111 0.0328648 0.0384024 0.000267245
112 0.0340086 0.0383632 0.000267723
113 0.0427479 0.038402 0.000268151
114 0.0365394 0.0383856 0.000266296
115 0.0350761 0.0383568 0.000265531
116 0.0413185 0.0383824 0.000264466
117 0.0409728 0.0384045 0.000263131
118 0.0381678 0.0384025 0.000260909
119 0.0435197 0.0384455 0.000262236
120 0.0331141 0.0384011 0.000263787
121 0.0401511 0.0384155 0.000262003
122 0.0340717 0.0383799 0.000262264
123 0.0356088 0.0383574 0.000261098
124 0.0432939 0.0383972 0.000262009
125 0.0418597 0.0384249 0.000261373
126 0.0352587 0.0383998 0.000260504
127 0.0375451 0.0383931 0.00025854
128 0.0376918 0.0383876 0.000256578
129 0.0367351 0.0383748 0.000254909
130 0.0394793 0.0383833 0.000253089
131 0.0417485 0.038409 0.000252458
132 0.0374136 0.0384014 0.000250658
133 0.0364409 0.0383867 0.000249206
134 0.0398154 0.0383973 0.000247574
135 0.0368986 0.0383862 0.000245989
136 0.0371394 0.0383771 0.000244351
137 0.0345257 0.038349 0.00024418
138 0.0449475 0.0383968 0.000247047
139 0.0316461 0.0383482 0.000249998
140 0.0358237 0.0383302 0.000248862
141 0.0362995 0.0383158 0.000247513
142 0.0382482 0.0383153 0.000245771
143 0.0376629 0.0383107 0.000244095
144 0.0324127 0.0382698 0.000245812
145 0.034188 0.0382416 0.000245723
146 0.0351247 0.0382203 0.000244966
147 0.034037 0.0381918 0.000244947
148 0.0403331 0.0382063 0.000243718
149 0.0377271 0.0382031 0.000242104
150 0.0422127 0.0382298 0.000241961
151 0.0382888 0.0382302 0.000240359
152 0.0359873 0.0382154 0.00023923
153 0.0378431 0.038213 0.000237679
154 0.0335778 0.0381829 0.000238034
155 0.0394051 0.0381908 0.000236629
156 0.0400529 0.0382027 0.000235413
157 0.0386785 0.0382058 0.000233933
158 0.0332147 0.0381742 0.000234575
159 0.0391876 0.0381805 0.000233187
160 0.0394313 0.0381884 0.00023186
161 0.0394434 0.0381962 0.000230551
162 0.0354975 0.0381795 0.000229729
163 0.0346531 0.0381579 0.000229336
164 0.0398351 0.0381681 0.000228165
165 0.039369 0.0381754 0.000226899
166 0.0367918 0.038167 0.000225685
167 0.0409925 0.0381839 0.000224967
168 0.0390516 0.0381891 0.000223687
169 0.0351518 0.0381711 0.000223084
170 0.0356742 0.0381565 0.000222255
171 0.0326843 0.0381245 0.000223247
172 0.0422832 0.0381486 0.000223255
173 0.0354323 0.0381329 0.000222516
174 0.0385923 0.0381356 0.000221252
175 0.0363928 0.0381256 0.000220212
176 0.0384717 0.0381276 0.00021897
177 0.0356867 0.0381138 0.000218166
178 0.0390598 0.0381191 0.000217005
179 0.0400742 0.03813 0.000216068
180 0.0351435 0.0381134 0.000215504
181 0.0405314 0.0381268 0.000214727
182 0.0366963 0.0381189 0.000213691
183 0.0389425 0.0381234 0.00021257
184 0.0370765 0.0381177 0.000211491
185 0.0357425 0.0381049 0.000210737
186 0.034408 0.038085 0.000210539
187 0.0392467 0.0380912 0.000209505
188 0.0410233 0.0381068 0.00020897
189 0.0365147 0.0380984 0.000208035
190 0.038976 0.038103 0.000206991
191 0.039375 0.0381097 0.000206014
192 0.0340706 0.0380887 0.000206013
193 0.0401285 0.0380992 0.000205216
194 0.0382598 0.0381001 0.00020416
195 0.0385255 0.0381022 0.000203125
196 0.0344334 0.0380835 0.000202949
197 0.0375465 0.0380808 0.000201937
198 0.0341731 0.0380611 0.000201879
199 0.0351934 0.0380466 0.000201378
200 0.0379809 0.0380463 0.000200372
201 0.035979 0.038036 0.000199639
202 0.038353 0.0380376 0.000198657
203 0.0436691 0.0380653 0.000199606
204 0.0403294 0.0380764 0.000198935
205 0.0323162 0.0380483 0.00019994
206 0.0443357 0.0380789 0.000201285
207 0.0348814 0.0380634 0.000200905
208 0.0327432 0.0380378 0.00020156
209 0.0371546 0.0380336 0.00020064
210 0.0402376 0.0380441 0.000199959
211 0.0374624 0.0380413 0.00019903
212 0.0444829 0.0380717 0.000200398
213 0.0365338 0.0380645 0.000199587
214 0.0382039 0.0380652 0.000198655
215 0.0392776 0.0380708 0.000197811
216 0.0384946 0.0380728 0.000196905
217 0.035777 0.0380622 0.000196282
218 0.0409462 0.0380754 0.000195827
219 0.0411902 0.0380896 0.000195448
220 0.0362111 0.0380811 0.000194746
221 0.0389523 0.038085 0.000193905
222 0.0391536 0.0380899 0.000193091
223 0.0402974 0.0380998 0.000192479
224 0.038378 0.038101 0.000191624
225 0.0386036 0.0381032 0.000190785
226 0.0367894 0.0380974 0.00019003
227 0.036769 0.0380916 0.000189282
228 0.0397589 0.0380989 0.000188593
229 0.0382646 0.0380996 0.000187771
230 0.0418386 0.0381159 0.000187657
231 0.0398715 0.0381235 0.000186999
232 0.031064 0.038093 0.000188652
233 0.0343393 0.0380769 0.000188529
234 0.0380057 0.0380766 0.000187724
235 0.0382123 0.0380772 0.000186926
236 0.0367394 0.0380715 0.00018622
237 0.035579 0.038061 0.000185731
238 0.034847 0.0380475 0.000185441
239 0.0410081 0.0380599 0.000185078
240 0.0386974 0.0380625 0.000184326
241 0.0383022 0.0380635 0.000183564
242 0.0408994 0.0380753 0.000183179
243 0.0389844 0.038079 0.000182463
244 0.0372751 0.0380757 0.000181745
245 0.0350593 0.0380634 0.00018142
246 0.036539 0.0380572 0.000180788
247 0.0398589 0.0380645 0.000180203
248 0.0304578 0.0380338 0.000182068
249 0.0397473 0.0380407 0.000181467
250 0.0375649 0.0380388 0.000180751
251 0.0427293 0.0380575 0.000180995
252 0.0362241 0.0380502 0.000180423
253 0.0385989 0.0380524 0.000179722
254 0.0354737 0.0380422 0.000179301
255 0.0338329 0.0380257 0.000179356
256 0.0373206 0.038023 0.000178677
257 0.0361861 0.0380158 0.000178125
258 0.0354077 0.0380057 0.000177721
259 0.0334797 0.0379882 0.000177892
260 0.0400406 0.0379961 0.000177383
261 0.0335394 0.0379791 0.000177523
262 0.0323582 0.0379576 0.000178137
263 0.0388287 0.0379609 0.00017749
264 0.0379905 0.037961 0.000176818
265 0.0397532 0.0379678 0.00017628
266 0.0355887 0.0379588 0.000175844
267 0.0390903 0.0379631 0.000175237
268 0.0343055 0.0379494 0.000175114
269 0.0352415 0.0379394 0.000174752
270 0.032841 0.0379205 0.000175122
271 0.0392194 0.0379253 0.000174541
272 0.0402319 0.0379338 0.000174105
273 0.0385394 0.037936 0.000173482
274 0.0357648 0.037928 0.000173029
275 0.0420699 0.0379431 0.000173054
276 0.0342817 0.0379298 0.000172935
277 0.0380179 0.0379302 0.000172311
278 0.0342921 0.0379171 0.000172187
279 0.037855 0.0379169 0.00017157
280 0.0411109 0.0379283 0.000171337
281 0.0322733 0.0379081 0.000171905
282 0.0384028 0.0379099 0.000171304
283 0.0342519 0.037897 0.000171186
284 0.0337265 0.0378823 0.000171211
285 0.0405153 0.0378915 0.00017086
286 0.0358659 0.0378844 0.000170409
287 0.0370863 0.0378817 0.000169838
288 0.0377084 0.0378811 0.000169249
289 0.0318766 0.0378603 0.000169934
290 0.034889 0.03785 0.000169657
291 0.0348828 0.0378398 0.00016938
292 0.0398352 0.0378467 0.000168938
293 0.0385835 0.0378492 0.00016838
294 0.0396426 0.0378553 0.000167918
295 0.0386034 0.0378578 0.000167368
296 0.0386892 0.0378606 0.000166826
297 0.0326472 0.0378431 0.000167185
298 0.0458815 0.03787 0.000168786
299 0.0329448 0.0378536 0.000169023
300 0.0361089 0.0378478 0.00016856
301 0.0357548 0.0378408 0.000168143
302 0.0396965 0.037847 0.000167699
303 0.0365545 0.0378427 0.0001672
304 0.0339729 0.03783 0.000167133
305 0.0401399 0.0378375 0.000166757
306 0.0398775 0.0378442 0.000166345
307 0.0373365 0.0378425 0.000165812
308 0.0365083 0.0378382 0.00016533
309 0.035609 0.037831 0.000164952
310 0.0341349 0.0378191 0.00016485
311 0.0376316 0.0378185 0.000164321
312 0.0345627 0.037808 0.000164126
313 0.0367602 0.0378047 0.000163636
314 0.0394028 0.0378098 0.000163194
315 0.0408554 0.0378194 0.000162962
316 0.0357676 0.037813 0.000162575
317 0.0407994 0.0378224 0.000162335
318 0.0334383 0.0378086 0.000162409
319 0.0387558 0.0378116 0.000161927
320 0.0336451 0.0377985 0.000161944
321 0.0340465 0.0377868 0.00016186
322 0.0422798 0.0378008 0.000161958
323 0.0356623 0.0377942 0.000161592
324 0.0356678 0.0377876 0.000161226
325 0.0416488 0.0377995 0.000161167
326 0.0407038 0.0378084 0.000160919
327 0.0341022 0.0377971 0.000160826
328 0.0342598 0.0377863 0.000160696
329 0.0385376 0.0377886 0.000160224
330 0.0338598 0.0377767 0.00016018
331 0.03819 0.0377779 0.000159701
332 0.0329354 0.0377633 0.000159885
333 0.0338997 0.0377517 0.000159825
334 0.0400649 0.0377587 0.000159497
335 0.032231 0.0377422 0.000159872
336 0.0397486 0.0377481 0.000159508
337 0.0387256 0.037751 0.000159061
338 0.0362662 0.0377466 0.000158651
339 0.0334477 0.037734 0.000158689
340 0.0379199 0.0377345 0.000158223
341 0.0359946 0.0377294 0.000157841
342 0.0392022 0.0377337 0.000157438
343 0.0327389 0.0377191 0.000157651
344 0.0356346 0.0377131 0.000157309
345 0.0416927 0.0377246 0.000157276
346 0.036922 0.0377223 0.000156838
347 0.0328463 0.0377082 0.000157015
348 0.0396615 0.0377139 0.000156664
349 0.035699 0.0377081 0.000156321
350 0.0416143 0.0377192 0.000156272
351 0.0410547 0.0377287 0.000156116
352 0.0362378 0.0377245 0.00015573
353 0.0314033 0.0377066 0.000156315
354 0.0331375 0.0376937 0.000156405
355 0.0352498 0.0376868 0.000156116
356 0.0381212 0.037688 0.000155682
357 0.0396257 0.0376935 0.000155341
358 0.0324945 0.0376789 0.000155584
359 0.0370308 0.0376771 0.000155161
360 0.0351998 0.0376703 0.000154883
361 0.0319095 0.0376543 0.000155274
362 0.0351019 0.0376472 0.000155005
363 0.0364488 0.0376439 0.000154613
364 0.0422378 0.0376566 0.000154702
365 0.037358 0.0376557 0.000154281
366 0.0377784 0.0376561 0.00015386
367 0.0364996 0.0376529 0.000153473
368 0.0402839 0.0376601 0.000153222
369 0.036882 0.037658 0.000152821
370 0.0401582 0.0376647 0.000152558
371 0.0377694 0.037665 0.000152147
372 0.0369093 0.037663 0.000151751
373 0.0365077 0.0376599 0.000151376
374 0.045447 0.0376807 0.000152396
375 0.0361864 0.0376767 0.000152042
376 0.0422414 0.0376889 0.000152122
377 0.0384109 0.0376908 0.00015173
378 0.0404951 0.0376982 0.00015151
379 0.0402198 0.0377048 0.000151256
380 0.0403466 0.0377118 0.000151018
381 0.0388345 0.0377147 0.00015065
382 0.0364299 0.0377114 0.000150293
383 0.0406577 0.0377191 0.000150098
384 0.0355109 0.0377133 0.000149817
385 0.0321894 0.037699 0.000150113
386 0.0350737 0.0376922 0.000149878
387 0.0406143 0.0376997 0.000149681
388 0.0329383 0.0376875 0.000149798
389 0.037954 0.0376881 0.000149414
390 0.0356473 0.0376829 0.000149123
391 0.0415409 0.0376928 0.000149067
392 0.0401872 0.0376991 0.000148823
393 0.036521 0.0376961 0.000148474
394 0.0447024 0.0377139 0.000149159
395 0.0374073 0.0377131 0.000148783
396 0.0411185 0.0377217 0.000148656
397 0.0355865 0.0377164 0.000148378
398 0.0344834 0.0377082 0.000148228
399 0.0339003 0.0376987 0.000148163
400 0.0363553 0.0376953 0.000147831
401 0.0351056 0.0376889 0.000147603
402 0.0405129 0.0376959 0.000147403
403 0.0342632 0.0376874 0.000147283
404 0.0392778 0.0376913 0.000146971
405 0.0393876 0.0376955 0.000146668
406 0.0382924 0.037697 0.000146314
407 0.0398955 0.0377024 0.000146054
408 0.0425235 0.0377142 0.000146174
409 0.0387849 0.0377168 0.00014584
410 0.0370399 0.0377152 0.000145493
411 0.0388514 0.0377179 0.000145166
412 0.040679 0.0377251 0.000144991
413 0.0432565 0.0377385 0.000145257
414 0.0402043 0.0377445 0.000145028
415 0.0411246 0.0377526 0.000144907
416 0.0332597 0.0377418 0.000144961
417 0.036507 0.0377389 0.000144644
418 0.0389714 0.0377418 0.000144328
419 0.042101 0.0377522 0.000144358
420 0.0380694 0.037753 0.000144016
421 0.0367068 0.0377505 0.000143695
422 0.0346637 0.0377432 0.000143541
423 0.037999 0.0377438 0.000143203
424 0.0355306 0.0377385 0.00014296
425 0.0415525 0.0377475 0.000142905
426 0.0369552 0.0377457 0.000142582
427 0.0409035 0.0377531 0.00014244
428 0.0364009 0.0377499 0.000142142
429 0.042973 0.0377621 0.000142331
430 0.0380776 0.0377628 0.000142002
431 0.0359735 0.0377587 0.000141733
432 0.0419428 0.0377683 0.000141735
433 0.0371526 0.0377669 0.000141415
434 0.0414657 0.0377754 0.000141346
435 0.0385351 0.0377772 0.000141032
436 0.0357386 0.0377725 0.000140786
437 0.0395861 0.0377767 0.000140525
438 0.0375425 0.0377761 0.000140205
439 0.0454043 0.0377935 0.000140958
440 0.0372274 0.0377922 0.000140644
441 0.0368946 0.0377902 0.00014034
442 0.0417895 0.0377992 0.000140314
443 0.0336547 0.0377899 0.000140308
444 0.0384945 0.0377915 0.000140001
445 0.0445721 0.0378067 0.000140513
446 0.0350353 0.0378005 0.000140336
447 0.0355901 0.0377955 0.000140109
448 0.0324424 0.0377836 0.000140305
449 0.0401709 0.0377889 0.000140093
450 0.0380273 0.0377894 0.000139783
451 0.0416627 0.037798 0.000139736
452 0.0342824 0.0377902 0.000139643
453 0.0367376 0.0377879 0.000139354
454 0.0311692 0.0377733 0.000139808
455 0.0359451 0.0377693 0.000139558
456 0.0367206 0.037767 0.000139271
457 0.0342765 0.0377594 0.000139176
458 0.0374726 0.0377588 0.000138873
459 0.033185 0.0377488 0.000138928
460 0.038174 0.0377497 0.000138629
461 0.0379545 0.0377502 0.000138329
462 0.0358044 0.037746 0.000138094
463 0.0376215 0.0377457 0.000137796
464 0.0364094 0.0377428 0.000137529
465 0.0353156 0.0377376 0.000137332
466 0.0405817 0.0377437 0.000137173
467 0.0383766 0.037745 0.000136886
468 0.0413132 0.0377527 0.000136806
469 0.0345936 0.0377459 0.00013668
470 0.0383469 0.0377472 0.000136395
471 0.0354768 0.0377424 0.00013619
472 0.0358155 0.0377383 0.000135963
473 0.0385872 0.0377401 0.000135687
474 0.0386442 0.037742 0.000135414
475 0.0363208 0.037739 0.000135162
476 0.0356154 0.0377346 0.000134952
477 0.0402217 0.0377398 0.00013477
478 0.039372 0.0377432 0.000134531
479 0.0407491 0.0377495 0.000134397
480 0.0389225 0.0377519 0.000134139
481 0.0386773 0.0377538 0.000133874
482 0.0328546 0.0377437 0.000133981
483 0.0374862 0.0377431 0.000133705
484 0.0332935 0.0377339 0.000133744
485 0.0357929 0.0377299 0.000133528
486 0.0336017 0.0377214 0.000133524
487 0.0335531 0.0377129 0.000133524
488 0.0345968 0.0377065 0.000133403
489 0.0385601 0.0377082 0.000133141
490 0.0389369 0.0377107 0.000132893
491 0.0390069 0.0377134 0.000132649
492 0.0411903 0.0377205 0.000132567
493 0.0355249 0.037716 0.000132373
494 0.0421687 0.037725 0.000132412
495 0.0351773 0.0377199 0.000132244
496 0.0380821 0.0377206 0.000131979
497 0.0373953 0.0377199 0.000131715
498 0.035938 0.0377164 0.0001315
499 0.0377972 0.0377165 0.000131236
500 0.0412905 0.0377237 0.000131168
