-6.59395
-6.49537
-6.39229
-6.33035
-6.3027
-6.17707
-6.09389
-6.02989
-6.0186
-5.91133
-5.96457
-6.0126
-5.91653
-5.83218
-5.80705
-5.88283
-5.91336
-5.8947
-5.89629
-5.86265
-5.79229
-5.7576
-5.87675
-5.91919
-5.91122
-5.76631
-5.88147
-5.78893
-5.77418
-5.76834
-5.74588
-5.78997
-5.88316
-5.88204
-5.85702
-5.79518
-5.71194
-5.79297
-5.79052
-5.69992
-5.56466
-5.47938
-5.63329
-5.66604
-5.66826
-5.73359
-5.87109
-5.86259
-5.80492
-5.76846
-5.84797
-5.79847
-5.90323
-5.95992
-5.93489
-5.8698
-5.79996
-5.71727
-5.67967
-5.71877
-5.73745
-5.71168
-5.70683
-5.70206
-5.78894
-5.75135
-5.7652
-5.84406
-5.79439
-5.76254
-5.74897
-5.75355
-5.89346
-5.81464
-5.69655
-5.72866
-5.69206
-5.70707
-5.63911
-5.68553
-5.77483
-5.7919
-5.78095
-5.78888
-5.79061
-5.82966
-5.75106
-5.85719
-5.83808
-5.81856
-5.74454
-5.76539
-5.79683
-5.74983
-5.66906
-5.63895
-5.69668
-5.68366
-5.71956
-5.69602
-5.70728
-5.7127
-5.62993
-5.63958
-5.67212
-5.72784
-5.63473
-5.59491
-5.60703
-5.65134
-5.67143
-5.71458
-5.74639
-5.62511
-5.60957
-5.4817
-5.61911
-5.55031
-5.61125
-5.56104
-5.54234
-5.57661
-5.59128
-5.58053
-5.54002
-5.59766
-5.58717
-5.65027
-5.63876
-5.65867
-5.61686
-5.65391
-5.66191
-5.61726
-5.62714
-5.69778
-5.62689
-5.75705
-5.77473
-5.74258
-5.76616
-5.71323
-5.59938
-5.75877
-5.71791
-5.63106
-5.74103
-5.77888
-5.75612
-5.6893
-5.72302
-5.67352
-5.59207
-5.62827
-5.55399
-5.66709
-5.69134
-5.7617
-5.73308
-5.78425
-5.80502
-5.77959
-5.77496
-5.68478
-5.74551
-5.72118
-5.73177
-5.69114
-5.72556
-5.72638
-5.7202
-5.72582
-5.73492
-5.67131
-5.66217
-5.61514
-5.60052
-5.52238
-5.67658
-5.66976
-5.62833
-5.62928
-5.63477
-5.68448
-5.56891
-5.56759
-5.58435
-5.56531
-5.65768
-5.64058
-5.63417
-5.70803
-5.64053
-5.65856
-5.58097
-5.51315
-5.49132
-5.50862
-5.52453
-5.54023
-5.61963
-5.61082
-5.60922
-5.66135
-5.60918
-5.54198
-5.51776
-5.54773
-5.44075
-5.45092
-5.48995
-5.61366
-5.5612
-5.67679
-5.71177
-5.63347
-5.57275
-5.64809
-5.72132
-5.66675
-5.56235
-5.52044
-5.58024
-5.4881
-5.40511
-5.37054
-5.30744
-5.21554
-5.21102
-5.29057
-5.32329
-5.39379
-5.33087
-5.47468
-5.41818
-5.28443
-5.36386
-5.22998
-5.18209
-5.29528
-5.34038
-5.42199
-5.36997
-5.37605
-5.45734
-5.42952
-5.48004
-5.46149
-5.42427
-5.36389
-5.3372
-5.38706
-5.52071
-5.56621
-5.52396
-5.48382
-5.52109
-5.43913
-5.52299
-5.53294
-5.52279
-5.60005
-5.55984
-5.5646
-5.46669
-5.49342
-5.5515
-5.54245
-5.54912
-5.50339
-5.48892
-5.48362
-5.55131
-5.60628
-5.55411
-5.47579
-5.48199
-5.52863
-5.4601
-5.50474
-5.50225
-5.50444
-5.42296
-5.44485
-5.42683
-5.39161
-5.42765
-5.38003
-5.47771
-5.51097
-5.55969
-5.49251
-5.47525
-5.50779
-5.48625
-5.51458
-5.50894
-5.59698
-5.61756
-5.55178
-5.50648
-5.39943
-5.51109
-5.52066
-5.41434
-5.39053
-5.4152
-5.48506
-5.54927
-5.42378
-5.46776
-5.48571
-5.49286
-5.52373
-5.49201
-5.47617
-5.45824
-5.56487
-5.67353
-5.65382
-5.60709
-5.53883
-5.59302
-5.58243
-5.62317
-5.62213
-5.62412
-5.58031
-5.62814
-5.69019
-5.58696
-5.58745
-5.64509
-5.60876
-5.62482
-5.53742
-5.61931
-5.59471
-5.53207
-5.50851
-5.50497
-5.34124
-5.36895
-5.53209
-5.57068
-5.51544
-5.51362
-5.43232
-5.4239
-5.39618
-5.42428
-5.44233
-5.39105
-5.36659
-5.34547
-5.37507
-5.41541
-5.33016
-5.28525
-5.33097
-5.33789
-5.2602
-5.3426
-5.35169
-5.35
-5.18002
-5.23071
-5.31608
-5.33504
-5.34535
-5.34896
-5.29006
-5.33512
-5.29148
-5.22711
-5.29067
-5.35508
-5.38234
-5.42863
-5.38511
-5.2979
-5.35071
-5.44715
-5.38595
-5.38646
-5.32002
-5.40064
-5.40219
-5.32566
-5.29573
-5.3206
-5.39507
-5.43261
-5.39206
-5.45362
-5.4055
-5.45019
-5.45319
-5.45413
-5.42989
-5.49924
-5.50808
-5.45141
-5.43896
-5.41957
-5.41302
-5.32078
-5.275
-5.36795
-5.38342
-5.36256
-5.51349
-5.52388
-5.51651
-5.44825
-5.42322
-5.39921
-5.41136
-5.42791
-5.42829
-5.39022
-5.38516
-5.38926
-5.43734
-5.41579
-5.5042
-5.4081
-5.47906
-5.47097
-5.51641
-5.54975
-5.39881
-5.43753
-5.35488
-5.37754
-5.40813
-5.42823
-5.54593
-5.5316
-5.53582
-5.46597
-5.4819
-5.54587
-5.63713
-5.69813
-5.62948
-5.60146
-5.50722
-5.56018
-5.44248
-5.45487
-5.52983
-5.53253
-5.57028
-5.59857
-5.53712
-5.58823
-5.51289
-5.50956
-5.53971
-5.5395
-5.44834
-5.41527
-5.44285
-5.51168
-5.4708
-5.4902
-5.55058
-5.53229
-5.46092
-5.42659
-5.36205
-5.2632
-5.44911
-5.52027
-5.44002
-5.44802
-5.42887
-5.33728
-5.36284
-5.28457
-5.28807
-5.33519
-5.30274
-5.3893
-5.46082
-5.4382
-5.50119
-5.50439
-5.49141
-5.47975
-5.53411
-5.49618
-5.44014
-5.46639
-5.46923
-5.47701
-5.39792
-5.47558
-5.47953
-5.45267
-5.48222
-5.45833
-5.49537
-5.40807
-5.48562
-5.43218
-5.47042
-5.34176
-5.34456
-5.5215
-5.44415
-5.46574
-5.58488
-5.55047
-5.56657
-5.58525
-5.50643
-5.54658
-5.49529
-5.41461
-5.45902
-5.34706
-5.33611
-5.36408
-5.30287
-5.27269
-5.20244
-5.2492
-5.32607
-5.31898
-5.41272
-5.38795
-5.40324
-5.51388
-5.31213
-5.33734
-5.43584
-5.33991
-5.28802
-5.32201
-5.34688
-5.29745
-5.2837
-5.27662
-5.42468
-5.46871
-5.48746
-5.43798
-5.39005
-5.3704
-5.4309
-5.26259
-5.32374
-5.40299
-5.48591
-5.43484
-5.42034
-5.3875
-5.39534
-5.32419
-5.32951
-5.34412
-5.37553
-5.3858
-5.32283
-5.33344
-5.35792
-5.35269
-5.4052
-5.40792
-5.34233
-5.39867
-5.37602
-5.34052
-5.26012
-5.31444
-5.28711
-5.33178
-5.33638
-5.39645
-5.46136
-5.46124
-5.48936
-5.46226
-5.48529
-5.52125
-5.54312
-5.53467
-5.42551
-5.37315
-5.36592
-5.34441
-5.37472
-5.30374
-5.34169
-5.34673
-5.41535
-5.5301
-5.58255
-5.51193
-5.42934
-5.45399
-5.50287
-5.41506
-5.43382
-5.35356
-5.33648
-5.35388
-5.41197
-5.46787
-5.48973
-5.52247
-5.42884
-5.52625
-5.45482
-5.47976
-5.42249
-5.33362
-5.3651
-5.40048
-5.3728
-5.44059
-5.42264
-5.41644
-5.3582
-5.40429
-5.42034
-5.45924
-5.46511
-5.34506
-5.31079
-5.29038
-5.28142
-5.32586
-5.23938
-5.28467
-5.3063
-5.35586
-5.32482
-5.27842
-5.29222
-5.35873
-5.26852
-5.22428
-5.34191
-5.49773
-5.54981
-5.50346
-5.3595
-5.29566
-5.27868
-5.26793
-5.29588
-5.17492
-5.25497
-5.31223
-5.2625
-5.27293
-5.33037
-5.31614
-5.46268
-5.34543
-5.4087
-5.3659
-5.35104
-5.22317
-5.13546
-5.16085
-5.2781
-5.31052
-5.38742
-5.36548
-5.45208
-5.45714
-5.48695
-5.43242
-5.46886
-5.48473
-5.49957
-5.53928
-5.3747
-5.47279
-5.503
-5.54002
-5.50908
-5.40747
-5.42057
-5.49927
-5.46896
-5.44063
-5.54214
-5.59292
-5.51299
-5.47088
-5.45753
-5.39296
-5.3447
-5.33351
-5.34767
-5.44423
-5.42648
-5.38543
-5.39311
-5.4159
-5.45106
-5.44669
-5.3815
-5.3983
-5.39691
-5.2339
-5.20541
-5.23384
-5.27769
-5.21034
-5.20976
-5.28595
-5.33822
-5.37102
-5.30351
-5.29265
-5.29255
-5.33336
-5.38633
-5.36764
-5.26858
-5.28829
-5.30325
-5.22741
-5.19494
-5.16625
-5.10664
-5.10002
-5.23191
-5.223
-5.24358
-5.24555
-5.20546
-5.14075
-5.1358
-5.18424
-5.2289
-5.35787
-5.36721
-5.36957
-5.55138
-5.51164
-5.47257
-5.53356
-5.54302
-5.57441
-5.56551
-5.45867
-5.42582
-5.43651
-5.50942
-5.51587
-5.55321
-5.52477
-5.54109
-5.4857
-5.49314
-5.43691
-5.45599
-5.3509
-5.46229
-5.4416
-5.43153
-5.42812
-5.3263
-5.3965
-5.42605
-5.40555
-5.45759
-5.37595
-5.37738
-5.45097
-5.50064
-5.57224
-5.54191
-5.56285
-5.5384
-5.42355
-5.47907
-5.50752
-5.53009
-5.47317
-5.42361
-5.43764
-5.44363
-5.42666
-5.45413
-5.46925
-5.43126
-5.52677
-5.52545
-5.52376
-5.46684
-5.47127
-5.51613
-5.49516
-5.48442
-5.43943
-5.33297
-5.46502
-5.52186
-5.49005
-5.57769
-5.51193
-5.54246
-5.55027
-5.5645
-5.70276
-5.73175
-5.69778
-5.63981
-5.67924
-5.74492
-5.70535
-5.62669
-5.62483
-5.55892
-5.57648
-5.44754
-5.389
-5.47498
-5.48403
-5.50588
-5.46984
-5.50011
-5.52865
-5.55733
-5.52647
-5.57369
-5.49844
-5.5735
-5.52678
-5.46182
-5.48009
-5.53519
-5.57714
-5.54884
-5.53941
-5.50185
-5.48737
-5.53705
-5.5611
-5.56243
-5.5754
-5.58186
-5.48544
-5.42382
-5.40554
-5.45534
-5.4351
-5.35825
-5.36816
-5.35727
-5.41935
-5.41626
-5.45027
-5.43437
-5.41728
-5.43921
-5.44562
-5.36668
-5.4622
-5.52396
-5.52711
-5.61381
-5.59484
-5.51975
-5.50356
-5.54141
-5.51021
-5.48735
-5.42719
-5.31624
-5.40428
-5.4833
-5.55127
-5.50267
-5.43968
-5.41641
-5.35881
-5.31668
-5.35855
-5.45928
-5.40715
-5.34844
-5.44343
-5.3896
-5.18033
-5.34667
-5.27336
-5.35993
-5.37669
-5.36195
-5.41354
-5.47539
-5.4965
-5.499
-5.55407
-5.42392
-5.50072
-5.52245
-5.48227
-5.39991
-5.42627
-5.43845
-5.45732
-5.50083
-5.44872
-5.40805
-5.44758
-5.52663
-5.50382
-5.44296
-5.41197
-5.40607
-5.47702
-5.54378
-5.47394
-5.4992
-5.45211
-5.41869
-5.38338
-5.30129
-5.38146
-5.34863
-5.46365
-5.3744
-5.49392
-5.49814
-5.44529
-5.43382
-5.43407
-5.37239
-5.31906
-5.35369
-5.35712
-5.41853
-5.41064
-5.3687
-5.39767
-5.35433
-5.35576
-5.44072
-5.48855
-5.50869
-5.53136
-5.53605
-5.57625
-5.54676
-5.50623
-5.5174
-5.42043
-5.40847
-5.35164
-5.36078
-5.46086
-5.45159
-5.486
-5.43551
-5.48787
-5.41534
-5.50407
-5.43984
-5.55261
-5.60367
-5.60521
-5.61136
-5.55934
-5.54465
-5.54729
-5.52919
-5.51196
-5.48702
-5.48803
-5.57612
-5.53232
-5.5449
-5.42155
-5.5224
-5.44814
-5.50366
-5.438
-5.38253
-5.37411
-5.38551
-5.34179
-5.42303
-5.29587
-5.20873
-5.36154
-5.31556
-5.35872
-5.4209
-5.42279
-5.36221
-5.39445
-5.45533
-5.48675
-5.40692
-5.52514
-5.47323
-5.56756
-5.58748
-5.61399
-5.53598
-5.60629
-5.67926
-5.66759
-5.60576
-5.61804
-5.53981
-5.50037
-5.4942
-5.49866
-5.57083
-5.50414
-5.55862
-5.40929
-5.4706
-5.38988
-5.39042
-5.43427
-5.40461
-5.45801
-5.42776
-5.472
-5.42697
-5.3869
-5.38513
-5.45343
-5.36505
-5.33439
-5.40463
-5.40043
-5.37359
-5.44023
-5.41917
-5.49021
-5.3769
-5.34401
-5.43012
-5.41718
-5.37574
-5.39747
-5.5413
-5.62588
-5.57779
-5.56094
-5.48729
-5.44841
-5.49272
-5.50957
-5.61875
-5.61794
-5.60935
-5.60451
-5.52802
-5.52196
-5.50168
-5.56044
-5.49004
-5.62458
-5.59353
-5.57999
-5.49935
-5.43499
-5.54327
-5.57183
-5.58745
-5.54888
-5.40342
-5.51371
-5.52601
-5.50659
-5.45806
-5.45922
-5.42601
-5.5036
-5.47097
-5.46834
-5.49167
-5.43377
-5.45256
-5.45114
-5.52424
-5.49943
-5.48944
-5.6031
-5.53469
-5.53117
-5.49735
-5.4172
-5.35997
-5.4122
-5.4932
-5.52947
-5.52175
-5.44826
-5.33493
-5.42823
-5.49321
-5.59517
-5.61067
-5.5403
-5.37638
-5.40962
-5.49263
-5.44467
-5.52319
-5.53454
-5.55886
-5.57394
-5.50412
-5.45703
-5.37377
-5.38011
-5.33596
-5.36551
-5.36861
-5.38025
-5.41943
-5.47757
-5.52281
-5.57376
-5.56965
-5.56261
-5.63865
-5.59187
-5.63627
-5.56884
-5.52
-5.52855
-5.46029
-5.46793
-5.34594
-5.24781
-5.32065
-5.43203
-5.44722
-5.33533
-5.42072
-5.39121
-5.41823
-5.48795
-5.5917
-5.64781
-5.59359
-5.50406
-5.55394
-5.50471
-5.50309
-5.54911
-5.55713
-5.57798
-5.63896
-5.66789
-5.63684
-5.65409
-5.64788
-5.61501
-5.54182
-5.57355
-5.63016
-5.53153
-5.55612
-5.57122
-5.6171
-5.53497
-5.56915
-5.55966
-5.59825
-5.48758
-5.52216
-5.55844
-5.58379
-5.50489
-5.53074
-5.4773
-5.42144
-5.4243
-5.39422
-5.38833
-5.44397
-5.40004
-5.38792
-5.39904
-5.35541
-5.28777
-5.34146
-5.26423
-5.26993
-5.30164
-5.31367
-5.29373
-5.36687
-5.41586
-5.49692
-5.52684
-5.54285
-5.47151
-5.44736
-5.37601
-5.3775
-5.32604
-5.3727
-5.43173
-5.3797
-5.19338
-5.33439
-5.44618
-5.41918
-5.37087
-5.36312
-5.34348
-5.25283
-5.2679
-5.37939
-5.23707
-5.31336
-5.30985
-5.33101
-5.25031
-5.34571
-5.32928
-5.36407
-5.32882
-5.47941
-5.41203
-5.47676
-5.52908
-5.5228
-5.44053
-5.3711
-5.4145
-5.27821
-5.22144
-5.22625
-5.11506
-5.09178
-5.27685
-5.35422
-5.40631
-5.35446
-5.35882
-5.35371
-5.29405
-5.29436
-5.34375
-5.39205
-5.28231
-5.27409
-5.31208
-5.31356
-5.1897
-5.224
-5.28813
-5.30872
-5.28594
-5.3523
-5.36602
-5.34183
-5.46632
-5.48648
-5.48912
-5.48022
-5.49924
-5.50446
-5.54952
-5.44062
-5.51098
-5.47354
-5.48592
-5.42396
-5.39319
-5.32782
-5.35746
-5.32744
-5.34853
-5.35406
-5.49992
-5.44143
-5.40794
-5.4592
-5.38791
-5.45308
-5.43128
-5.40516
-5.49065
-5.50249
-5.40205
-5.46691
-5.44322
-5.37732
-5.34621
-5.364
-5.49521
-5.40114
-5.41166
-5.44257
-5.38476
-5.40538
-5.35644
-5.35991
-5.32141
-5.25998
-5.31008
-5.39138
-5.41308
-5.39765
-5.48996
-5.47622
-5.58619
-5.52857
-5.51373
-5.48395
-5.42289
-5.50113
-5.36252
-5.51103
-5.60809
-5.59581
-5.50837
-5.47164
-5.38946
-5.41319
-5.36998
-5.41664
-5.48043
-5.38187
-5.42713
-5.40044
-5.38565
-5.40292
-5.46514
-5.5204
-5.51262
-5.54714
-5.54728
-5.34497
-5.36327
-5.43908
-5.36951
-5.44754
-5.39533
-5.466
-5.48871
-5.58473
-5.538
-5.5514
-5.56775
-5.56753
-5.53716
-5.45832
-5.48723
-5.47606
-5.413
-5.45935
-5.27787
-5.1755
-5.12533
-5.20701
-5.36388
-5.46238
-5.35999
-5.33941
-5.38613
-5.37804
-5.44553
-5.45101
-5.29905
-5.34127
-5.33259
-5.35959
-5.46822
-5.65705
-5.59478
-5.5703
-5.5747
-5.58181
-5.60477
-5.66165
-5.62329
-5.60219
-5.60764
-5.60891
-5.62125
-5.60493
-5.50826
-5.47301
-5.47902
-5.48527
-5.47606
-5.5278
-5.57687
-5.61861
-5.59512
-5.63084
-5.56488
-5.4901
-5.4722
-5.42039
-5.41278
-5.33912
-5.47185
-5.46829
-5.48618
-5.48889
-5.454
-5.48464
-5.48667
-5.53435
-5.523
-5.57817
-5.58438
-5.49337
-5.49178
-5.51437
-5.49804
-5.58399
-5.55391
-5.54192
-5.57285
-5.58903
-5.52411
-5.54749
-5.5267
-5.4752
-5.54456
-5.60134
-5.52991
-5.42789
-5.35891
-5.39473
-5.56448
-5.44373
-5.42144
-5.51692
-5.54508
-5.51446
-5.33842
-5.37433
-5.3573
-5.3053
-5.33758
-5.4323
-5.2906
-5.33753
-5.30546
-5.30644
-5.28433
-5.1482
-5.17629
-5.34951
-5.41082
-5.40384
-5.37397
-5.37381
-5.41595
-5.39118
-5.37405
-5.37948
-5.42066
-5.37365
-5.34458
-5.26162
-5.25936
-5.14747
-5.12883
-5.23835
-5.17435
-5.20398
-5.14516
-5.26113
-5.28794
-5.19651
-5.24472
-5.32161
-5.33714
-5.40575
-5.38974
-5.40079
-5.39742
-5.4294
-5.40186
-5.36123
-5.34562
-5.39693
-5.40222
-5.44804
-5.40658
-5.39972
-5.5124
-5.49978
-5.3946
-5.44655
-5.41759
-5.34114
-5.25539
-5.25709
-5.24536
-5.21538
-5.27103
-5.30945
-5.35079
-5.4654
-5.46272
-5.47994
-5.39909
-5.3748
-5.41556
-5.33233
-5.45447
-5.50457
-5.45984
-5.46321
-5.40367
-5.38673
-5.45109
-5.48348
-5.49526
-5.39035
-5.46606
-5.4012
-5.29485
-5.44052
-5.44963
-5.44114
-5.40384
-5.37404
-5.26415
-5.34616
-5.25505
-5.34105
-5.31299
-5.22771
-5.24091
-5.27264
-5.34335
-5.35106
-5.24399
-5.2497
-5.23407
-5.23627
-5.24311
-5.3714
-5.29502
-5.22643
-5.2422
-5.30959
-5.29463
-5.32515
-5.36429
-5.34116
-5.45046
-5.37492
-5.35087
-5.3307
-5.39149
-5.33656
-5.33359
-5.23501
-5.33469
-5.42811
-5.46163
-5.47822
-5.31963
-5.33698
-5.34005
-5.33696
-5.42945
-5.49919
-5.46866
-5.51187
-5.51514
-5.46032
-5.46887
-5.41247
-5.46402
-5.47718
-5.38494
-5.50962
-5.58888
-5.55142
-5.57756
-5.57973
-5.55187
-5.63791
-5.66605
-5.71492
-5.78753
-5.66158
-5.59638
-5.54544
-5.58985
-5.55295
-5.64246
-5.6675
-5.67147
-5.74734
-5.64982
-5.6296
-5.59492
-5.71086
-5.67017
-5.60372
-5.5796
-5.54367
-5.60562
-5.52264
-5.39309
-5.34693
-5.492
-5.45024
-5.35837
-5.43065
-5.38812
-5.41986
-5.47149
-5.5474
-5.50185
-5.46099
-5.40354
-5.43513
-5.51977
-5.52496
-5.46814
-5.4163
-5.53572
-5.50749
-5.38002
-5.45997
-5.47385
-5.47052
-5.34006
-5.15774
-5.20038
-5.302
-5.24705
-5.30457
-5.22
-5.28541
-5.32262
-5.3239
-5.29482
-5.2812
-5.43009
-5.35377
-5.30859
-5.23324
-5.25475
-5.29131
-5.29699
-5.3374
-5.39976
-5.41385
-5.43197
-5.53283
-5.49937
-5.45134
-5.47072
-5.51024
-5.50494
-5.47632
-5.52121
-5.50464
-5.49978
-5.45634
-5.39423
-5.4606
-5.54108
-5.57132
-5.53328
-5.54359
-5.58377
-5.53385
-5.63641
-5.5562
-5.45548
-5.45844
-5.52909
-5.49792
-5.51214
-5.54018
-5.53376
-5.49698
-5.4902
-5.53511
-5.50131
-5.47739
-5.44939
-5.40274
-5.40976
-5.33505
-5.36921
-5.35872
-5.37968
-5.42179
-5.46536
-5.54626
-5.5503
-5.50896
-5.51255
-5.55479
-5.55184
-5.41253
-5.4533
-5.45904
-5.36876
-5.36197
-5.3279
-5.30543
-5.16874
-5.31997
-5.36717
-5.30816
-5.34536
-5.52438
-5.56202
-5.46242
-5.53887
-5.40317
-5.44726
-5.45151
-5.43208
-5.38856
-5.45199
-5.4746
-5.42241
-5.41611
-5.40181
-5.40365
-5.4291
-5.42107
-5.48907
-5.46362
-5.36112
-5.2854
-5.37621
-5.29385
-5.28341
-5.32556
-5.24461
-5.35556
-5.32875
-5.3281
-5.21908
-5.36284
-5.45956
-5.44637
-5.52314
-5.44661
-5.47035
-5.44851
-5.43431
-5.49571
-5.40783
-5.41223
-5.4828
-5.37338
-5.45926
-5.51905
-5.54293
-5.49942
-5.51204
-5.5563
-5.61419
-5.64995
-5.60224
-5.59226
-5.55841
-5.58008
-5.56275
-5.59129
-5.60575
-5.61041
-5.52088
-5.4443
-5.5222
-5.54613
-5.5215
-5.42405
-5.35274
-5.38198
-5.37042
-5.38774
-5.42953
-5.37531
-5.33234
-5.32366
-5.30276
-5.27031
-5.23673
-5.26854
-5.2397
-5.26877
-5.40104
-5.31001
-5.27423
-5.32233
-5.30345
-5.2696
-5.24833
-5.32247
-5.39093
-5.21592
-5.25316
-5.37308
-5.38355
-5.29107
-5.35305
-5.29313
-5.37778
-5.34739
-5.4743
-5.44154
-5.43148
-5.37878
-5.46846
-5.36145
-5.362
-5.36247
-5.47222
-5.50033
-5.5631
-5.65422
-5.62026
-5.56419
-5.57636
-5.53844
-5.53272
-5.5641
-5.56895
-5.56844
-5.47443
-5.42498
-5.52175
-5.49001
-5.51648
-5.52437
-5.56582
-5.55683
-5.55012
-5.59134
-5.57351
-5.39492
-5.46641
-5.37081
-5.42538
-5.47034
-5.45879
-5.48324
-5.36841
-5.33736
-5.42382
-5.48804
-5.48415
-5.45082
-5.33782
-5.37564
-5.50336
-5.5023
-5.53338
-5.58472
-5.58424
-5.45587
-5.48574
-5.47212
-5.44828
-5.39593
-5.44228
-5.31121
-5.43914
-5.47413
-5.41019
-5.36863
-5.37588
-5.45545
-5.39387
-5.37864
-5.35357
-5.4144
-5.62661
-5.60917
-5.55841
-5.55669
-5.47449
-5.4558
-5.4521
-5.51559
-5.45651
-5.4209
-5.45652
-5.4242
-5.57295
-5.58432
-5.48148
-5.48046
-5.41882
-5.44524
-5.36779
-5.37178
-5.32237
-5.44092
-5.4815
-5.55383
-5.46297
-5.53634
-5.55729
-5.47146
-5.50729
-5.50645
-5.44307
-5.51836
-5.46831
-5.48708
-5.47423
-5.58703
-5.59937
-5.53553
-5.55069
-5.49312
-5.56373
-5.5379
-5.5412
-5.44954
-5.48195
-5.43137
-5.46166
-5.58567
-5.49994
-5.5489
-5.51282
-5.49145
-5.47579
-5.53482
-5.53407
-5.46014
-5.43271
-5.43653
-5.43266
-5.52783
-5.43711
-5.43935
-5.52841
-5.51247
-5.55258
-5.53832
-5.47276
-5.48664
-5.43484
-5.41442
-5.47572
-5.39486
-5.42517
-5.52135
-5.53499
-5.59023
-5.48462
-5.4111
-5.46652
-5.44613
-5.40071
-5.45552
-5.4677
-5.3926
-5.5273
-5.5584
-5.51725
-5.57964
-5.56489
-5.51361
-5.56047
-5.47996
-5.39048
-5.51774
-5.63893
-5.54659
-5.50338
-5.52416
-5.4874
-5.52006
-5.51973
-5.4701
-5.44467
-5.38738
-5.49971
-5.453
-5.51641
-5.50203
-5.51158
-5.57386
-5.51599
-5.50164
-5.4166
-5.37788
-5.36061
-5.4319
-5.36602
-5.38725
-5.44048
-5.49204
-5.51339
-5.59208
-5.64745
-5.60214
-5.61676
-5.62223
-5.45103
-5.46098
-5.55255
-5.58837
-5.55428
-5.58654
-5.62783
-5.67713
-5.59295
-5.53719
-5.4013
-5.42699
-5.42285
-5.39012
-5.3958
-5.44238
-5.4261
-5.50292
-5.44027
-5.39934
-5.29989
-5.25006
-5.33236
-5.36809
-5.43055
-5.3426
-5.41605
-5.44841
-5.57723
-5.51087
-5.45465
-5.43014
-5.39469
-5.4341
-5.40787
-5.36893
-5.35949
-5.3248
-5.47073
-5.40452
-5.42385
-5.47897
-5.47681
-5.41461
-5.46431
-5.45508
-5.38311
-5.37817
-5.29595
-5.33573
-5.2926
-5.35885
-5.36987
-5.35044
-5.44942
-5.44882
-5.47996
-5.45747
-5.50932
-5.64167
-5.56912
-5.52834
-5.51433
-5.51128
-5.44046
-5.52829
-5.52931
-5.42174
-5.50607
-5.51955
-5.56219
-5.55201
-5.59105
-5.47993
-5.45195
-5.44627
-5.47245
-5.49976
-5.43096
-5.31982
-5.46997
-5.56369
-5.62973
-5.54728
-5.56977
-5.63911
-5.69737
-5.66012
-5.60517
-5.54906
-5.51276
-5.54348
-5.52714
-5.54727
-5.4951
-5.47954
-5.49675
-5.51343
-5.61349
-5.61508
-5.52492
-5.56494
-5.54749
-5.56185
-5.5076
-5.52967
-5.53441
-5.47807
-5.47842
-5.44238
-5.36503
-5.35204
-5.32965
-5.35025
-5.34384
-5.36212
-5.40368
-5.45871
-5.39195
-5.38238
-5.40318
-5.42249
-5.52807
-5.46635
-5.47389
-5.50974
-5.56816
-5.64793
-5.67978
-5.57156
-5.59666
-5.49118
-5.47226
-5.49317
-5.52654
-5.54317
-5.49505
-5.40151
-5.42834
-5.49966
-5.44748
-5.46677
-5.47904
-5.41124
-5.42703
-5.47428
-5.53999
-5.52068
-5.5368
-5.51355
-5.56122
-5.56981
-5.4796
-5.36888
-5.34951
-5.40343
-5.44479
-5.43582
-5.45548
-5.40881
-5.30856
-5.33031
-5.29058
-5.29431
-5.37314
-5.42436
-5.39633
-5.43709
-5.4225
-5.42123
-5.37151
-5.44059
-5.44736
-5.35927
-5.48371
-5.53517
-5.37118
-5.44049
-5.3875
-5.50092
-5.49595
-5.49804
-5.52347
-5.53775
-5.4344
-5.41221
-5.45229
-5.50011
-5.56301
-5.55451
-5.40749
-5.40986
-5.43491
-5.44264
-5.47966
-5.50017
-5.52576
-5.48131
-5.50052
-5.49524
-5.52061
-5.42105
-5.45736
-5.46823
-5.54198
-5.51152
-5.44556
-5.33765
-5.27457
-5.40745
-5.42805
-5.4906
-5.48104
-5.37283
-5.3898
-5.41613
-5.26329
-5.31089
-5.38194
-5.4019
-5.43496
-5.43593
-5.43441
-5.53769
-5.50649
-5.42851
-5.38905
-5.50296
-5.54238
-5.51423
-5.4995
-5.52018
-5.49528
-5.51938
-5.50375
-5.49971
-5.37348
-5.381
-5.31458
-5.35025
-5.49105
-5.44333
-5.43795
-5.36259
-5.41982
-5.45251
-5.48822
-5.5355
-5.5904
-5.54389
-5.53703
-5.56121
-5.49404
-5.5039
-5.49319
-5.5061
-5.4869
-5.48397
-5.42691
-5.48562
-5.49622
-5.4365
-5.56378
-5.45204
-5.49242
-5.49142
-5.50044
-5.50867
-5.55017
-5.42785
-5.52082
-5.52815
-5.53292
-5.61185
-5.62496
-5.60311
-5.52199
-5.5346
-5.54212
-5.58676
-5.49373
-5.48939
-5.49705
-5.56396
-5.61638
-5.55367
-5.47512
-5.5263
-5.51466
-5.55925
-5.56593
-5.58172
-5.62357
-5.68597
-5.58178
-5.53632
-5.52958
-5.47262
-5.41824
-5.34755
-5.4482
-5.36356
-5.451
-5.40512
-5.42561
-5.4868
-5.38172
-5.43878
-5.3675
-5.42808
-5.35015
-5.38133
-5.4083
-5.41042
-5.36428
-5.3552
-5.31899
-5.20618
-5.30699
-5.43208
-5.33701
-5.44291
-5.45735
-5.49921
-5.41805
-5.51628
-5.47536
-5.53004
-5.5444
-5.53662
-5.60067
-5.5786
-5.50371
-5.55282
-5.61437
-5.57409
-5.56661
-5.45202
-5.43597
-5.35124
-5.53482
-5.46433
-5.51941
-5.4178
-5.34493
-5.41175
-5.4955
-5.47698
-5.41383
-5.2984
-5.35489
-5.33656
-5.53556
-5.49167
-5.46586
-5.42284
-5.40317
-5.39337
-5.42157
-5.43079
-5.35812
-5.42198
-5.48854
-5.55954
-5.50053
-5.5037
-5.54774
-5.61681
-5.51021
-5.46437
-5.5054
-5.44593
-5.47022
-5.54095
-5.56921
-5.49299
-5.55438
-5.44246
-5.4715
-5.47853
-5.3949
-5.55134
-5.54121
-5.53895
-5.53312
-5.51066
-5.40881
-5.52661
-5.47583
-5.39422
-5.56076
-5.52203
-5.52807
-5.48809
-5.56249
-5.44187
-5.47907
-5.48299
-5.56212
-5.55778
-5.54118
-5.47244
-5.59885
-5.64468
-5.6405
-5.57642
-5.56465
-5.57589
-5.5549
-5.51153
-5.55893
-5.53743
-5.53333
-5.44114
-5.54496
-5.59233
-5.61038
-5.61348
-5.45731
-5.54736
-5.53081
-5.48401
-5.45203
-5.46052
-5.41993
-5.40628
-5.50631
-5.54437
-5.42487
-5.5233
-5.58854
-5.57533
-5.54976
-5.45575
-5.43349
-5.54593
-5.47894
-5.46023
-5.40449
-5.42381
-5.41217
-5.43128
-5.39492
-5.38266
-5.39894
-5.51215
-5.56735
-5.54097
-5.55117
-5.50213
-5.4885
-5.52904
-5.58098
-5.40491
-5.33197
-5.41516
-5.42757
-5.44807
-5.33812
-5.51462
-5.54183
-5.59872
-5.4944
-5.45176
-5.49185
-5.45635
-5.54204
-5.52397
-5.49759
-5.51555
-5.45779
-5.54841
-5.48714
-5.46101
-5.45748
-5.36369
-5.3574
-5.31432
-5.38113
-5.41806
-5.55353
-5.4953
-5.49812
-5.53903
-5.63834
-5.61116
-5.59737
-5.53301
-5.47302
-5.42691
-5.43754
-5.464
-5.41501
-5.45546
-5.34673
-5.32805
-5.42505
-5.37294
-5.47371
-5.41196
-5.44851
-5.37365
-5.42655
-5.50297
-5.50155
-5.5221
-5.55
-5.55133
-5.45029
-5.4072
-5.46931
-5.45791
-5.42093
-5.39489
-5.41365
-5.48694
-5.45352
-5.47691
-5.45308
-5.35451
-5.38531
-5.43901
-5.44855
-5.40088
-5.40587
-5.46554
-5.42579
-5.40217
-5.34761
-5.3811
-5.496
-5.3986
-5.43179
-5.45679
-5.37366
-5.39506
-5.46819
-5.5179
-5.4681
-5.4169
-5.45319
-5.39904
-5.382
-5.40406
-5.36411
-5.28876
-5.31159
-5.31686
-5.29376
-5.2398
-5.3565
-5.23541
-5.17287
-5.25712
-5.30296
-5.41903
-5.5175
-5.53383
-5.60904
-5.57617
-5.56007
-5.59095
-5.51478
-5.60048
-5.65589
-5.62506
-5.59133
-5.54346
-5.57092
-5.55906
-5.55055
-5.48116
-5.37274
-5.32439
-5.40954
-5.5481
-5.54397
-5.60423
-5.54687
-5.50951
-5.60335
-5.64495
-5.64944
-5.65985
-5.54028
-5.53828
-5.58483
-5.57102
-5.5569
-5.5337
-5.42011
-5.45585
-5.58622
-5.5969
-5.57808
-5.52022
-5.55692
-5.40082
-5.39436
-5.4244
-5.48356
-5.47489
-5.49082
-5.52138
-5.49553
-5.51239
-5.4501
-5.42836
-5.41213
-5.46687
-5.48424
-5.46362
-5.47114
-5.42895
-5.45567
-5.38848
-5.50967
-5.41417
-5.4852
-5.4154
-5.46674
-5.40573
-5.35253
-5.40072
-5.52077
-5.52322
-5.5247
-5.57442
-5.50459
-5.46066
-5.37116
-5.46562
-5.41191
-5.41482
-5.40227
-5.39903
-5.56966
-5.52812
-5.53295
-5.57357
-5.6004
-5.62468
-5.61662
-5.56412
-5.57652
-5.60562
-5.61057
-5.60042
-5.54258
-5.56841
-5.50676
-5.52194
-5.53614
-5.56086
-5.60086
-5.60433
-5.5803
-5.59681
-5.56316
-5.51043
-5.46121
-5.46395
-5.42646
-5.49716
-5.4851
-5.52998
-5.45829
-5.45646
-5.48591
-5.37741
-5.33166
-5.30998
-5.32904
-5.25318
-5.28516
-5.51065
-5.47384
-5.45295
-5.33482
-5.35801
-5.39701
-5.37416
-5.50958
-5.55257
-5.68203
-5.67644
-5.67048
-5.60114
-5.63969
-5.5715
-5.54851
-5.61446
-5.53858
-5.56077
-5.56893
-5.47833
-5.48792
-5.50583
-5.36485
-5.4458
-5.49839
-5.30599
-5.2676
-5.36844
-5.39645
-5.37108
-5.35856
-5.43262
-5.37446
-5.36849
-5.3326
-5.39459
-5.33708
-5.27943
-5.35931
-5.41004
-5.50073
-5.48947
-5.43599
-5.45977
-5.37778
-5.3439
-5.44726
-5.4962
-5.56284
-5.49296
-5.57519
-5.5134
-5.57468
-5.53622
-5.60347
-5.56574
-5.56031
-5.42015
-5.44423
-5.59347
-5.56548
-5.60306
-5.6344
-5.60228
-5.62593
-5.69001
-5.70134
-5.67675
-5.6218
-5.58076
-5.55533
-5.41983
-5.44306
-5.46069
-5.52891
-5.54723
-5.46712
-5.44933
-5.36093
-5.43434
-5.39708
-5.40106
-5.41962
-5.40388
-5.44568
-5.50797
-5.58538
-5.60823
-5.55483
-5.54669
-5.53864
-5.57172
-5.59208
-5.61621
-5.54603
-5.55274
-5.49569
-5.50673
-5.41155
-5.51149
-5.55348
-5.40677
-5.44977
-5.47992
-5.52837
-5.56116
-5.55745
-5.51556
-5.53609
-5.59495
-5.65944
-5.63425
-5.6209
-5.66667
-5.52792
-5.524
-5.45711
-5.42043
-5.41086
-5.39128
-5.4755
-5.44211
-5.40934
-5.47194
-5.41778
-5.49215
-5.4707
-5.51427
-5.43321
-5.4291
-5.41982
-5.38657
-5.42964
-5.45264
-5.46034
-5.46148
-5.39847
-5.45558
-5.41664
-5.47694
-5.45027
-5.42989
-5.44787
-5.52822
-5.54266
-5.56202
-5.50836
-5.52384
-5.50451
-5.53398
-5.5142
-5.5524
-5.61618
-5.60439
-5.5175
-5.39496
-5.44149
-5.4673
-5.39596
-5.40571
-5.44828
-5.56458
-5.53656
-5.52014
-5.46912
-5.42722
-5.38352
-5.39055
-5.44063
-5.45476
-5.35115
-5.49764
-5.54255
-5.51142
-5.54748
-5.50848
-5.48894
-5.51855
-5.57915
-5.473
-5.53985
-5.52213
-5.53268
-5.53722
-5.51423
-5.44965
-5.45712
-5.53347
-5.49771
-5.47002
-5.42011
-5.48207
-5.49863
-5.50268
-5.55597
-5.51057
-5.4921
-5.4921
-5.51504
-5.54349
-5.46957
-5.4545
-5.56638
-5.50659
-5.49686
-5.49003
-5.48081
-5.46238
-5.4506
-5.3708
-5.4631
-5.45004
-5.55518
-5.63813
-5.6468
-5.61522
-5.65269
-5.63022
-5.53583
-5.57174
-5.57668
-5.57436
-5.52183
-5.56828
-5.59611
-5.56033
-5.63395
-5.51188
-5.49471
-5.51792
-5.44235
-5.50001
-5.50742
-5.57279
-5.53728
-5.39533
-5.32814
-5.39484
-5.36265
-5.32605
-5.29034
-5.27761
-5.37695
-5.28875
-5.35838
-5.26583
-5.28727
-5.34178
-5.43526
-5.45767
-5.53465
-5.43919
-5.41316
-5.44016
-5.45456
-5.49205
-5.52696
-5.42331
-5.48662
-5.54312
-5.42959
-5.48313
-5.46377
-5.4921
-5.52736
-5.47006
-5.38864
-5.35486
-5.40074
-5.44265
-5.51828
-5.51318
-5.51396
-5.40258
-5.4501
-5.57928
-5.48974
-5.43016
-5.43621
-5.47894
-5.4337
-5.31376
-5.41371
-5.33923
-5.33536
-5.40836
-5.38074
-5.42573
-5.49252
-5.50326
-5.56188
-5.5415
-5.55764
-5.50169
-5.59369
-5.57979
-5.55788
-5.50449
-5.54256
-5.53968
-5.52305
-5.42566
-5.4932
-5.46564
-5.53529
-5.50589
-5.44255
-5.36959
-5.4574
-5.52086
-5.50293
-5.48661
-5.3874
-5.37658
-5.40156
-5.41154
-5.50014
-5.4071
-5.28676
-5.29713
-5.33617
-5.37532
-5.43112
-5.4974
-5.51993
-5.53314
-5.54965
-5.50379
-5.5037
-5.44918
-5.47179
-5.48244
-5.55318
-5.52844
-5.65413
-5.59715
-5.56844
-5.51627
-5.49362
-5.48214
-5.49909
-5.47568
-5.46921
-5.45818
-5.44671
-5.45595
-5.47078
-5.46737
-5.53484
-5.52909
-5.60636
-5.57119
-5.53966
-5.56317
-5.5586
-5.55847
-5.56906
-5.55672
-5.58598
-5.59808
-5.59501
-5.54383
-5.52487
-5.5435
-5.52227
-5.49238
-5.35475
-5.37741
-5.31585
-5.27658
-5.36447
-5.33472
-5.4134
-5.4741
-5.54177
-5.44146
-5.58642
-5.49379
-5.52622
-5.49019
-5.48313
-5.45997
-5.5021
-5.44968
-5.39083
-5.42559
-5.46893
-5.41219
-5.46975
-5.52338
-5.55526
-5.56846
-5.54846
-5.46095
-5.38703
-5.46154
-5.40528
-5.37026
-5.36943
-5.38917
-5.39779
-5.39992
-5.42029
-5.36949
-5.25803
-5.2947
-5.35914
-5.4412
-5.40234
-5.47298
-5.42163
-5.42915
-5.37146
-5.24376
-5.29913
-5.33197
-5.30895
-5.2743
-5.19365
-5.18767
-5.35346
-5.40429
-5.35946
-5.40584
-5.49107
-5.42757
-5.4786
-5.45448
-5.53918
-5.5066
-5.36679
-5.47028
-5.51342
-5.46975
-5.49737
-5.5621
-5.57388
-5.60891
-5.52442
-5.5079
-5.43923
-5.57469
-5.54794
-5.60772
-5.58363
-5.65122
-5.66839
-5.56848
-5.61464
-5.59839
-5.61255
-5.58486
-5.57277
-5.54136
-5.54257
-5.52125
-5.55087
-5.52083
-5.50531
-5.45033
-5.47357
-5.50427
-5.45872
-5.5322
-5.47137
-5.51937
-5.42275
-5.47455
-5.48313
-5.53193
-5.54187
-5.56676
-5.51781
-5.57624
-5.54864
-5.47103
-5.4635
-5.42929
-5.32757
-5.22796
-5.33424
-5.45328
-5.40867
-5.54317
-5.56162
-5.5247
-5.49629
-5.46961
-5.41612
-5.49492
-5.49367
-5.50662
-5.50246
-5.54175
-5.6896
-5.61327
-5.54314
-5.55625
-5.61952
-5.60204
-5.61608
-5.67208
-5.58106
-5.58119
-5.64252
-5.65756
-5.66288
-5.56397
-5.6842
-5.68201
-5.60916
-5.60399
-5.5616
-5.51046
-5.52863
-5.52324
-5.44025
-5.41071
-5.4918
-5.49317
-5.49076
-5.37671
-5.47098
-5.50699
-5.38019
-5.35424
-5.43405
-5.50297
-5.4428
-5.43495
-5.37944
-5.38885
-5.44727
-5.46758
-5.4824
-5.51295
-5.51358
-5.46982
-5.46316
-5.47399
-5.53202
-5.584
-5.53807
-5.43367
-5.416
-5.44636
-5.31359
-5.30917
-5.31391
-5.40447
-5.41877
-5.43348
-5.41882
-5.47514
-5.49543
-5.55154
-5.5122
-5.47808
-5.57711
-5.52673
-5.45103
-5.46524
-5.44168
-5.32927
-5.2555
-5.28638
-5.3972
-5.36324
-5.38443
-5.31285
-5.36568
-5.47271
-5.43317
-5.41968
-5.47986
-5.42124
-5.43106
-5.2654
-5.28665
-5.43557
-5.48061
-5.4438
-5.41558
-5.33095
-5.41553
-5.43015
-5.34022
-5.28918
-5.24892
-5.24049
-5.38228
-5.44615
-5.36818
-5.50636
-5.53756
-5.4807
-5.47182
-5.583
-5.5803
-5.57434
-5.43996
-5.48398
-5.44695
-5.46851
-5.35717
-5.24112
-5.17218
-5.24976
-5.33633
-5.31727
-5.25764
-5.24148
-5.29106
-5.30197
-5.28641
-5.3033
-5.38448
-5.34538
-5.38523
-5.44514
-5.40922
-5.49973
-5.52977
-5.42853
-5.4045
-5.45015
-5.46348
-5.44953
-5.43776
-5.46131
-5.50209
-5.58961
-5.47178
-5.4331
-5.43579
-5.58508
-5.52911
-5.491
-5.5053
-5.52573
-5.57009
-5.55042
-5.52091
-5.49049
-5.46461
-5.36165
-5.36945
-5.39462
-5.46808
-5.47973
-5.53482
-5.42606
-5.39424
-5.22042
-5.27761
-5.35021
-5.25491
-5.23539
-5.27011
-5.23674
-5.36536
-5.32594
-5.35022
-5.30456
-5.25103
-5.34578
-5.41053
-5.48704
-5.5657
-5.4845
-5.47115
-5.43072
-5.39185
-5.45564
-5.462
-5.44045
-5.46686
-5.36546
-5.37726
-5.41243
-5.41961
-5.30253
-5.37346
-5.41253
-5.37449
-5.34361
-5.36358
-5.38096
-5.38238
-5.43752
-5.36968
-5.31158
-5.36734
-5.41848
-5.50491
-5.42611
-5.40165
-5.39859
-5.43267
-5.5103
-5.52217
-5.43349
-5.41768
-5.45696
-5.48486
-5.51953
-5.5725
-5.45284
-5.48295
-5.42197
-5.40172
-5.40625
-5.44404
-5.40531
-5.47955
-5.45891
-5.45523
-5.45566
-5.50677
-5.44659
-5.34389
-5.40478
-5.58318
-5.51263
-5.57931
-5.60907
-5.54441
-5.58952
-5.5736
-5.50554
-5.51462
-5.46813
-5.4736
-5.49048
-5.48447
-5.50813
-5.52724
-5.54198
-5.4583
-5.54562
-5.56878
-5.57792
-5.56891
-5.40362
-5.39642
-5.39776
-5.41378
-5.41258
-5.42743
-5.54531
-5.37653
-5.34399
-5.35352
-5.34411
-5.33068
-5.43449
-5.39772
-5.42319
-5.418
-5.39398
-5.28356
-5.33455
-5.42317
-5.38446
-5.52258
-5.52985
-5.54077
-5.52621
-5.50536
-5.45082
-5.44167
-5.45479
-5.43772
-5.31479
-5.35824
-5.35478
-5.51882
-5.54473
-5.55994
-5.60311
-5.52578
-5.53568
-5.58527
-5.55261
-5.54736
-5.54082
-5.45541
-5.53268
-5.53398
-5.52673
-5.49519
-5.36738
-5.39545
-5.38734
-5.43338
-5.31362
-5.41047
-5.48914
-5.40054
-5.39895
-5.41275
-5.46812
-5.52872
-5.54243
-5.48988
-5.47233
-5.46154
-5.51938
-5.57402
-5.46883
-5.48956
-5.45855
-5.51292
-5.51456
-5.51418
-5.42496
-5.46269
-5.49051
-5.41885
-5.35272
-5.33212
-5.42975
-5.42479
-5.46106
-5.43181
-5.4606
-5.44962
-5.52999
-5.53009
-5.48873
-5.56373
-5.65169
-5.56546
-5.55033
-5.62905
-5.68803
-5.64838
-5.57655
-5.55914
-5.46109
-5.5499
-5.56665
-5.56204
-5.56751
-5.51312
-5.48987
-5.58238
-5.54043
-5.6431
-5.5628
-5.62991
-5.67285
-5.61362
-5.57353
-5.56877
-5.63464
-5.68698
-5.6716
-5.57749
-5.47485
-5.53929
-5.52621
-5.47234
-5.44655
-5.42648
-5.48523
-5.50528
-5.50295
-5.51591
-5.48025
-5.47275
-5.3998
-5.45382
-5.51144
-5.48973
-5.46841
-5.4744
-5.50091
-5.38375
-5.4738
-5.35344
-5.4899
-5.45388
-5.56792
-5.46596
-5.4997
-5.49349
-5.39394
-5.37657
-5.36089
-5.3023
-5.38992
-5.31233
-5.36619
-5.28871
-5.2428
-5.24515
-5.22845
-5.18897
-5.27207
-5.27809
-5.2954
-5.39883
-5.39538
-5.46376
-5.48968
-5.5222
-5.52813
-5.49595
-5.46108
-5.55925
-5.52826
-5.57828
-5.63094
-5.59034
-5.55644
-5.57964
-5.58005
-5.54342
-5.56318
-5.61621
-5.63997
-5.58883
-5.54064
-5.50685
-5.42852
-5.45029
-5.39199
-5.3902
-5.54263
-5.61235
-5.51989
-5.55891
-5.52399
-5.55797
-5.53904
-5.57277
-5.47066
-5.46713
-5.38486
-5.34831
-5.3527
-5.42053
-5.44428
-5.43362
-5.30005
-5.38261
-5.46637
-5.48101
-5.4935
-5.46928
-5.38996
-5.42482
-5.40214
-5.36087
-5.44215
-5.46783
-5.40761
-5.4401
-5.47076
-5.51229
-5.57312
-5.53609
-5.48209
-5.44087
-5.54619
-5.48372
-5.47136
-5.48784
-5.4152
-5.40691
-5.48262
-5.42644
-5.43563
-5.45428
-5.49269
-5.5056
-5.50993
-5.62994
-5.61722
-5.52394
-5.5795
-5.71555
-5.60554
-5.57882
-5.56485
-5.56129
-5.5534
-5.44871
-5.39368
-5.32255
-5.49927
-5.5764
-5.51925
-5.5268
-5.613
-5.53629
-5.55196
-5.49254
-5.47054
-5.48059
-5.43736
-5.49153
-5.35301
-5.3813
-5.46885
-5.40617
-5.31862
-5.36442
-5.30857
-5.38992
-5.40946
-5.42283
-5.43196
-5.46209
-5.38149
-5.5188
-5.50553
-5.52478
-5.49588
-5.5311
-5.4858
-5.48788
-5.4805
-5.58701
-5.52546
-5.4125
-5.46031
-5.38192
-5.31702
-5.33785
-5.29644
-5.32565
-5.40048
-5.42411
-5.4478
-5.45215
-5.4091
-5.42627
-5.4329
-5.39766
-5.43867
-5.47638
-5.48858
-5.3812
-5.40091
-5.43948
-5.42789
-5.47332
-5.43229
-5.42391
-5.41045
-5.40539
-5.44987
-5.4085
-5.38288
-5.35824
-5.34124
-5.35158
-5.34268
-5.38579
-5.38012
-5.42525
-5.44819
-5.56212
-5.534
-5.4854
-5.50278
-5.47173
-5.4664
-5.36633
-5.46373
-5.47744
-5.46314
-5.51198
-5.52007
-5.5575
-5.53893
-5.54357
-5.45922
-5.50763
-5.48032
-5.51245
-5.36875
-5.35187
-5.55791
-5.47275
-5.45731
-5.39938
-5.2764
-5.28448
-5.38506
-5.48019
-5.3787
-5.38555
-5.3599
-5.45454
-5.37627
-5.47761
-5.46936
-5.52096
-5.48687
-5.44014
-5.42997
-5.48719
-5.61503
-5.62529
-5.66263
-5.70216
-5.66408
-5.64249
-5.57428
-5.59368
-5.71455
-5.66896
-5.56306
-5.54569
-5.57332
-5.59201
-5.62768
-5.66151
-5.6419
-5.62034
-5.56271
-5.53561
-5.4675
-5.49939
-5.4871
-5.5708
-5.50996
-5.55189
-5.60807
-5.61133
-5.5992
-5.57381
-5.52969
-5.50967
-5.48608
-5.53302
-5.51647
-5.4695
-5.57637
-5.58661
-5.48374
-5.52255
-5.5198
-5.56776
-5.56766
-5.58852
-5.60961
-5.67406
-5.62619
-5.60969
-5.60441
-5.50385
-5.47805
-5.52424
-5.481
-5.46138
-5.52181
-5.48246
-5.41929
-5.36341
-5.44602
-5.35013
-5.51846
-5.4909
-5.46224
-5.47835
-5.63159
-5.5884
-5.57054
-5.63448
-5.66735
-5.57862
-5.66196
-5.58356
-5.59584
-5.51997
-5.55162
-5.64019
-5.57035
-5.59513
-5.52931
-5.64649
-5.64433
-5.72096
-5.59045
-5.59181
-5.59448
-5.60716
-5.53397
-5.53322
-5.49675
-5.50302
-5.42905
-5.40918
-5.43253
-5.43072
-5.46058
-5.47668
-5.47819
-5.39949
-5.48729
-5.53129
-5.47071
-5.48313
-5.53727
-5.54441
-5.49956
-5.55834
-5.53716
-5.50316
-5.46928
-5.49348
-5.48533
-5.49673
-5.55176
-5.43923
-5.506
-5.45701
-5.38257
-5.40577
-5.34453
-5.2417
-5.20169
-5.33759
-5.27065
-5.35665
-5.40675
-5.40193
-5.41152
-5.40288
-5.48553
-5.50483
-5.54575
-5.50096
-5.45489
-5.4381
-5.49779
-5.44919
-5.35289
-5.45106
-5.55986
-5.59306
-5.48859
-5.42724
-5.43744
-5.4438
-5.37105
-5.40624
-5.29193
-5.28245
-5.33988
-5.39336
-5.38141
-5.40262
-5.39961
-5.33438
-5.33101
-5.31608
-5.37498
-5.3158
-5.36997
-5.40895
-5.38942
-5.45316
-5.47941
-5.48151
-5.47358
-5.44717
-5.44826
-5.38173
-5.3688
-5.37863
-5.36673
-5.39351
-5.4235
-5.34276
-5.34123
-5.45546
-5.45411
-5.4191
-5.49554
-5.52337
-5.51226
-5.46779
-5.46017
-5.49146
-5.44608
-5.45491
-5.41508
-5.34791
-5.31013
-5.36387
-5.43252
-5.41029
-5.44815
-5.41734
-5.4206
-5.46303
-5.44815
-5.3972
-5.45397
-5.44183
-5.49846
-5.33081
-5.3257
-5.28895
-5.30827
-5.21679
-5.27455
-5.30148
-5.20043
-5.30468
-5.32461
-5.38666
-5.48074
-5.47737
-5.49033
-5.47216
-5.40306
-5.44565
-5.3988
-5.3865
-5.2755
-5.37997
-5.42132
-5.4702
-5.38373
-5.42858
-5.48491
-5.51026
-5.49664
-5.46688
-5.52876
-5.50025
-5.57081
-5.57216
-5.52598
-5.54389
-5.54361
-5.56159
-5.60885
-5.6008
-5.6033
-5.52343
-5.46591
-5.55303
-5.48812
-5.56927
-5.43917
-5.36287
-5.45564
-5.3975
-5.43815
-5.53694
-5.53608
-5.4445
-5.39413
-5.49336
-5.49757
-5.57497
-5.52847
-5.50976
-5.49744
-5.51261
-5.51247
-5.53737
-5.44813
-5.4716
-5.53499
-5.55751
-5.48101
-5.45261
-5.40993
-5.48092
-5.4301
-5.43289
-5.4204
-5.45347
-5.3693
-5.37743
-5.45114
-5.50362
-5.40173
-5.42965
-5.33308
-5.35626
-5.35012
-5.38421
-5.3797
-5.41867
-5.39426
-5.36196
-5.34764
-5.42116
-5.36829
-5.36337
-5.43772
-5.45184
-5.49192
-5.47934
-5.46291
-5.37989
-5.3909
-5.39503
-5.39933
-5.3683
-5.34234
-5.33477
-5.43245
-5.45598
-5.4206
-5.46325
-5.51818
-5.48856
-5.43007
-5.43307
-5.51952
-5.44466
-5.40446
-5.34936
-5.37112
-5.31164
-5.27967
-5.42198
-5.38493
-5.36614
-5.37335
-5.44303
-5.47032
-5.45786
-5.46742
-5.46349
-5.50052
-5.48315
-5.46934
-5.42191
-5.41082
-5.43981
-5.32497
-5.41148
-5.43877
-5.49044
-5.5056
-5.4978
-5.50917
-5.53928
-5.5749
-5.52829
-5.42055
-5.54474
-5.47349
-5.45292
-5.53171
-5.39044
-5.35486
-5.4144
-5.41898
-5.45173
-5.51397
-5.59427
-5.5433
-5.65312
-5.58426
-5.50659
-5.48513
-5.36077
-5.47697
-5.52431
-5.56602
-5.43371
-5.46835
-5.51935
-5.48161
-5.4391
-5.50591
-5.54787
-5.57063
-5.67833
-5.58398
-5.65519
-5.58259
-5.62012
-5.61903
-5.60941
-5.63143
-5.54565
-5.54481
-5.53092
-5.49254
-5.58716
-5.68923
-5.66288
-5.63961
-5.54335
-5.50693
-5.5562
-5.63382
-5.68093
-5.61272
-5.57313
-5.51842
-5.4594
-5.45319
-5.5309
-5.59185
-5.53762
-5.57144
-5.58807
-5.56982
-5.56795
-5.60825
-5.64413
-5.57987
-5.58024
-5.61926
-5.5218
-5.5513
-5.43029
-5.52483
-5.59571
-5.58514
-5.68522
-5.6181
-5.56874
-5.561
-5.48572
-5.54569
-5.61639
-5.59119
-5.57233
-5.47259
-5.53216
-5.49936
-5.46422
-5.44963
-5.45335
-5.46601
-5.36556
-5.41876
-5.22935
-5.25246
-5.33554
-5.34383
-5.31599
-5.37126
-5.39412
-5.48022
-5.46915
-5.48766
-5.5846
-5.60252
-5.62489
-5.52779
-5.50455
-5.58708
-5.61836
-5.54084
-5.5956
-5.54309
-5.49775
-5.604
-5.50202
-5.54641
-5.59438
-5.52222
-5.50957
-5.50789
-5.49873
-5.47954
-5.53681
-5.65403
-5.63478
-5.55472
-5.53627
-5.55532
-5.66497
-5.5594
-5.51499
-5.51118
-5.52073
-5.60733
-5.6521
-5.65007
-5.55856
-5.56399
-5.60939
-5.56399
-5.61434
-5.61859
-5.65207
-5.59882
-5.56395
-5.65007
-5.54971
-5.47217
-5.48613
-5.32464
-5.43249
-5.43347
-5.4251
-5.39433
-5.40903
-5.3671
-5.35425
-5.29802
-5.33648
-5.37174
-5.51662
-5.54377
-5.42923
-5.49908
-5.50656
-5.54118
-5.4961
-5.47329
-5.56142
-5.53346
-5.47176
-5.48203
-5.46431
-5.45602
-5.42672
-5.39658
-5.44379
-5.40871
-5.44036
-5.45676
-5.41627
-5.38882
-5.43663
-5.2173
-5.38804
-5.32906
-5.29167
-5.29221
-5.29537
-5.19758
-5.36533
-5.49399
-5.48244
-5.53057
-5.45814
-5.47232
-5.42468
-5.48088
-5.45337
-5.4831
-5.49593
-5.31452
-5.50374
-5.49211
-5.53726
-5.44266
-5.52756
-5.50267
-5.40786
-5.50305
-5.47017
-5.46206
-5.47357
-5.47691
-5.58157
-5.56279
-5.56818
-5.53611
-5.58384
-5.60631
-5.57576
-5.46018
-5.4368
-5.34046
-5.44593
-5.4216
-5.44269
-5.46476
-5.31885
-5.37811
-5.41398
-5.37161
-5.35572
-5.3344
-5.29192
-5.3348
-5.40729
-5.42238
-5.40088
-5.39205
-5.44937
-5.413
-5.39036
-5.44069
-5.32515
-5.37851
-5.47583
-5.38974
-5.36569
-5.31463
-5.29457
-5.30698
-5.38167
-5.37899
-5.48584
-5.57991
-5.50417
-5.47532
-5.38955
-5.4185
-5.42951
-5.41731
-5.46923
-5.55537
-5.51307
-5.50366
-5.49238
-5.52098
-5.54727
-5.586
-5.50914
-5.49438
-5.49781
-5.37202
-5.44124
-5.41813
-5.43877
-5.48876
-5.44643
-5.43105
-5.34054
-5.42997
-5.44288
-5.4478
-5.43041
-5.44502
-5.42248
-5.48059
-5.46536
-5.50576
-5.47731
-5.51633
-5.44805
-5.44556
-5.41812
-5.43333
-5.33084
-5.33943
-5.40513
-5.35403
-5.41132
-5.45603
-5.44646
-5.4518
-5.46455
-5.37798
-5.36852
-5.31572
-5.42107
-5.4506
-5.39022
-5.34347
-5.34078
-5.2991
-5.40798
-5.29442
-5.34625
-5.30605
-5.26293
-5.2553
-5.31814
-5.33283
-5.28645
-5.30587
-5.29077
-5.3419
-5.41631
-5.36651
-5.35411
-5.38571
-5.40833
-5.46451
-5.37463
-5.37561
-5.41692
-5.35374
-5.34967
-5.3739
-5.37101
-5.38322
-5.48713
-5.37639
-5.32731
-5.32797
-5.36926
-5.42679
-5.50596
-5.52578
-5.53361
-5.54165
-5.45779
-5.49962
-5.65823
-5.54652
-5.5528
-5.52595
-5.48439
-5.55276
-5.50644
-5.54639
-5.4817
-5.45379
-5.38738
-5.43394
-5.58829
-5.55046
-5.55916
-5.57716
-5.59008
-5.53712
-5.58341
-5.57041
-5.5167
-5.49348
-5.48696
-5.56512
-5.56115
-5.50538
-5.43522
-5.46603
-5.47104
-5.5208
-5.52757
-5.48339
-5.45118
-5.51966
-5.47521
-5.40452
-5.54976
-5.5368
-5.47799
-5.4294
-5.50951
-5.50984
-5.52488
-5.50175
-5.46498
-5.50174
-5.58673
-5.61458
-5.66086
-5.66189
-5.60465
-5.64535
-5.59821
-5.50384
-5.55402
-5.58919
-5.59306
-5.64143
-5.58067
-5.62008
-5.55001
-5.53046
-5.58816
-5.47995
-5.51681
-5.57855
-5.59409
-5.66731
-5.5986
-5.55934
-5.57758
-5.47093
-5.41586
-5.40964
-5.47007
-5.44431
-5.39592
-5.40574
-5.41122
-5.40459
-5.48779
-5.50122
-5.41778
-5.3445
-5.49278
-5.42664
-5.43318
-5.47115
-5.46362
-5.53333
-5.54285
-5.55614
-5.5505
-5.53722
-5.50111
-5.52026
-5.54568
-5.39764
-5.42336
-5.49948
-5.41416
-5.42979
-5.49978
-5.47068
-5.49889
-5.45846
-5.44084
-5.4586
-5.39993
-5.3879
-5.42769
-5.37357
-5.33516
-5.40948
-5.28974
-5.31077
-5.32612
-5.30734
-5.38033
-5.47673
-5.42967
-5.46507
-5.53051
-5.46297
-5.39571
-5.4551
-5.41585
-5.47774
-5.46306
-5.40735
-5.40046
-5.36431
-5.4331
-5.43809
-5.41457
-5.49962
-5.52523
-5.53249
-5.45919
-5.54992
-5.47029
-5.5758
-5.5115
-5.44813
-5.45018
-5.49659
-5.57246
-5.5986
-5.58026
-5.45208
-5.51984
-5.50449
-5.56417
-5.4849
-5.47
-5.52808
-5.43027
-5.50784
-5.62953
-5.48933
-5.51238
-5.42699
-5.32273
-5.34572
-5.3298
-5.29404
-5.27952
-5.35289
-5.43855
-5.42315
-5.40174
-5.28471
-5.35444
-5.43002
-5.4215
-5.40532
-5.40159
-5.38702
-5.39076
-5.30824
-5.28267
-5.43117
-5.29403
-5.21865
-5.40371
-5.3541
-5.40122
-5.48059
-5.45061
-5.42626
-5.40025
-5.42722
-5.47258
-5.42587
-5.49974
-5.45695
-5.5017
-5.37958
-5.42765
-5.31166
-5.4419
-5.37744
-5.41464
-5.39517
-5.38349
-5.40667
-5.46119
-5.45333
-5.45709
-5.48136
-5.48541
-5.50357
-5.54206
-5.59531
-5.53703
-5.6159
-5.58793
-5.53749
-5.51076
-5.52849
-5.43531
-5.46606
-5.47671
-5.42782
-5.35493
-5.43473
-5.43233
-5.35674
-5.33258
-5.40145
-5.37713
-5.43943
-5.45877
-5.52474
-5.527
-5.49298
-5.52419
-5.54595
-5.51505
-5.45959
-5.41163
-5.32759
-5.34383
-5.30923
-5.32581
-5.36207
-5.28563
-5.32033
-5.3545
-5.40621
-5.33482
-5.43779
-5.39368
-5.33094
-5.38456
-5.40768
-5.38105
-5.35813
-5.42387
-5.42587
-5.47148
-5.50826
-5.45305
-5.37844
-5.30617
-5.35561
-5.26827
-5.26103
-5.20454
-5.32654
-5.37688
-5.26705
-5.34113
-5.48616
-5.54005
-5.51919
-5.46205
-5.35595
-5.45479
-5.348
-5.37711
-5.36884
-5.36981
-5.37794
-5.48678
-5.42217
-5.4612
-5.36754
-5.46401
-5.38933
-5.42865
-5.32392
-5.318
-5.37987
-5.45541
-5.41033
-5.42223
-5.40357
-5.43227
-5.42227
-5.35219
-5.42619
-5.43283
-5.39896
-5.40461
-5.25668
-5.18744
-5.21252
-5.21528
-5.25019
-5.35958
-5.39138
-5.37531
-5.38882
-5.29871
-5.30023
-5.32711
-5.25107
-5.24923
-5.28229
-5.31291
-5.39086
-5.39179
-5.44723
-5.37054
-5.37393
-5.29041
-5.36082
-5.36628
-5.40861
-5.37556
-5.37715
-5.34987
-5.34155
-5.35822
-5.32203
-5.4312
-5.48057
-5.48741
-5.54486
-5.47371
-5.516
-5.49317
-5.41322
-5.52816
-5.46368
-5.4683
-5.5179
-5.51467
-5.51635
-5.4387
-5.40886
-5.43048
-5.50696
-5.54627
-5.603
-5.54632
-5.49026
-5.46934
-5.37978
-5.35574
-5.55234
-5.56641
-5.51407
-5.50549
-5.33359
-5.40421
-5.4105
-5.38362
-5.4084
-5.37305
-5.4036
-5.42979
-5.40754
-5.50329
-5.52629
-5.51838
-5.49618
-5.49152
-5.51425
-5.58103
-5.50888
-5.47033
-5.36485
-5.38141
-5.45857
-5.38072
-5.37458
-5.39325
-5.40236
-5.44465
-5.39965
-5.53153
-5.50523
-5.40181
-5.33665
-5.32546
-5.34473
-5.30739
-5.26417
-5.24732
-5.28752
-5.3194
-5.38059
-5.48504
-5.41764
-5.43897
-5.51488
-5.46116
-5.4714
-5.49405
-5.41733
-5.45683
-5.45601
-5.46055
-5.46656
-5.43468
-5.37578
-5.37793
-5.36587
-5.42242
-5.4312
-5.3991
-5.4613
-5.46566
-5.4113
-5.31308
-5.32196
-5.33627
-5.31087
-5.36421
-5.37008
-5.37939
-5.38422
-5.41668
-5.42312
-5.52257
-5.50899
-5.45106
-5.51347
-5.47576
-5.44558
-5.38913
-5.37784
-5.41216
-5.39039
-5.41439
-5.33903
-5.32678
-5.35865
-5.3269
-5.25671
-5.40766
-5.39877
-5.38922
-5.28634
-5.28002
-5.27904
-5.22905
-5.31032
-5.30902
-5.43296
-5.54302
-5.52458
-5.52639
-5.64384
-5.56507
-5.54605
-5.4896
-5.45066
-5.43178
-5.46211
-5.42948
-5.47347
-5.46754
-5.46269
-5.65288
-5.62019
-5.60635
-5.56674
-5.45718
-5.4569
-5.50597
-5.50608
-5.48513
-5.52004
-5.44413
-5.46988
-5.36747
-5.4921
-5.52722
-5.53811
-5.51584
-5.40957
-5.4201
-5.40849
-5.45587
-5.52059
-5.46102
-5.50489
-5.48937
-5.42127
-5.41643
-5.50093
-5.40444
-5.39859
-5.41486
-5.46574
-5.34024
-5.33198
-5.37387
-5.43273
-5.48697
-5.37239
-5.56949
-5.57103
-5.55025
-5.54148
-5.47443
-5.40853
-5.4287
-5.4715
-5.494
-5.5395
-5.505
-5.42732
-5.5488
-5.63308
-5.61945
-5.5481
-5.51389
-5.4979
-5.49594
-5.57318
-5.39722
-5.44866
-5.53394
-5.44035
-5.48775
-5.4798
-5.46668
-5.47974
-5.50555
-5.52709
-5.4183
-5.24856
-5.36248
-5.32989
-5.40652
-5.31682
-5.49202
-5.51979
-5.52906
-5.53947
-5.49146
-5.51717
-5.58259
-5.50079
-5.44169
-5.44047
-5.38905
-5.37312
-5.43167
-5.4806
-5.44475
-5.46908
-5.46762
-5.43643
-5.51374
-5.43665
-5.47724
-5.51384
-5.50288
-5.55152
-5.57321
-5.56138
-5.55536
-5.54639
-5.56186
-5.56591
-5.49491
-5.47576
-5.45056
-5.50887
-5.57218
-5.54095
-5.42082
-5.48678
-5.46607
-5.4636
-5.56018
-5.58002
-5.61583
-5.56471
-5.66804
-5.57074
-5.54708
-5.46361
-5.44122
-5.3744
-5.40699
-5.372
-5.38276
-5.4128
-5.36794
-5.44531
-5.4137
-5.38611
-5.50525
-5.51704
-5.38954
-5.42831
-5.38642
-5.31077
-5.37535
-5.42693
-5.48073
-5.56127
-5.56238
-5.58819
-5.50818
-5.44824
-5.50161
-5.60838
-5.52926
-5.49034
-5.52387
-5.43113
-5.36136
-5.41747
-5.33775
-5.29489
-5.33264
-5.32873
-5.39922
-5.28354
-5.22965
-5.30965
-5.32416
-5.24377
-5.36742
-5.34853
-5.46785
-5.4054
-5.37874
-5.47168
-5.40441
-5.49215
-5.38655
-5.52084
-5.45964
-5.39521
-5.32296
-5.40686
-5.29789
-5.27247
-5.17711
-5.24288
-5.26368
-5.21481
-5.36608
-5.43378
-5.44087
-5.36816
-5.31564
-5.31296
-5.33638
-5.37189
-5.40369
-5.47888
-5.56672
-5.57525
-5.54883
-5.45947
-5.40668
-5.37104
-5.3727
-5.39892
-5.43015
-5.41108
-5.36176
-5.33567
-5.43406
-5.41047
-5.4129
-5.47428
-5.49496
-5.43542
-5.4698
-5.50724
-5.57298
-5.57416
-5.54157
-5.4478
-5.44501
-5.48608
-5.52078
-5.46652
-5.49158
-5.602
-5.49653
-5.57173
-5.49368
-5.54512
-5.41486
-5.51304
-5.49687
-5.5444
-5.56007
-5.60341
-5.62653
-5.62204
-5.69669
-5.69083
-5.60178
-5.59711
-5.53302
-5.60153
-5.58408
-5.65426
-5.48164
-5.39536
-5.39003
-5.32615
-5.38884
-5.36811
-5.40843
-5.24069
-5.16809
-5.24513
-5.35318
-5.43842
-5.52462
-5.46822
-5.5065
-5.49976
-5.54045
-5.49818
-5.41616
-5.37908
-5.59755
-5.60585
-5.54016
-5.58818
-5.60883
-5.55161
-5.64954
-5.70465
-5.65772
-5.69751
-5.60531
-5.63852
-5.62372
-5.52346
-5.49002
-5.5526
-5.52225
-5.51214
-5.63015
-5.53764
-5.42557
-5.4405
-5.47597
-5.52241
-5.47478
-5.38875
-5.40797
-5.4652
-5.31767
-5.35077
-5.43855
-5.36633
-5.32265
-5.33313
-5.35585
-5.4089
-5.36888
-5.40594
-5.462
-5.43506
-5.50424
-5.41191
-5.54555
-5.54441
-5.5756
-5.515
-5.47681
-5.41761
-5.45329
-5.49979
-5.56864
-5.59645
-5.52867
-5.43838
-5.43679
-5.57292
-5.58235
-5.50582
-5.37106
-5.37187
-5.38792
-5.36608
-5.44776
-5.47109
-5.34441
-5.38377
-5.42597
-5.40978
-5.46108
-5.39297
-5.42822
-5.49856
-5.52976
-5.5185
-5.49657
-5.54063
-5.56431
-5.4727
-5.51603
-5.45788
-5.44222
-5.47139
-5.48417
-5.48651
-5.53493
-5.45229
-5.49069
-5.48754
-5.5669
-5.49526
-5.3367
-5.37286
-5.28641
-5.4138
-5.4453
-5.47426
-5.50619
-5.56137
-5.45135
-5.41976
-5.36841
-5.42474
-5.43889
-5.51016
-5.49596
-5.47001
-5.35868
-5.3417
-5.3643
-5.4107
-5.40736
-5.41761
-5.32842
-5.23384
-5.36113
-5.3569
-5.37129
-5.50242
-5.49109
-5.41582
-5.33679
-5.38396
-5.42847
-5.37044
-5.40286
-5.38939
-5.41755
-5.35447
-5.34273
-5.38205
-5.42433
-5.46168
-5.51312
-5.45609
-5.44716
-5.43128
-5.37503
-5.30844
-5.24324
-5.25972
-5.38898
-5.32779
-5.38455
-5.36169
-5.29544
-5.3179
-5.2807
-5.32199
-5.2844
-5.36179
-5.45052
-5.49911
-5.42828
-5.48271
-5.50852
-5.54897
-5.49623
-5.41345
-5.46513
-5.44976
-5.33813
-5.28122
-5.24451
-5.39311
-5.3895
-5.52267
-5.52546
-5.55714
-5.51115
-5.44593
-5.3083
-5.16235
-5.2909
-5.28346
-5.38871
-5.42344
-5.3537
-5.43065
-5.41795
-5.41002
-5.45984
-5.49902
-5.46274
-5.44666
-5.32175
-5.24287
-5.30216
-5.29648
-5.322
-5.34217
-5.29653
-5.35628
-5.33764
-5.44969
-5.46906
-5.38777
-5.29484
-5.32031
-5.4756
-5.42345
-5.49719
-5.49651
-5.44722
-5.41124
-5.40035
-5.44309
-5.42046
-5.42258
-5.49225
-5.36847
-5.45475
-5.42456
-5.38006
-5.35419
-5.25377
-5.29532
-5.42203
-5.36153
-5.38014
-5.34026
-5.40122
-5.34129
-5.35385
-5.26524
-5.39183
-5.33753
-5.37642
-5.32526
-5.16985
-5.28407
-5.18624
-5.33093
-5.43705
-5.40473
-5.42128
-5.45146
-5.46927
-5.40045
-5.46801
-5.43375
-5.39316
-5.30971
-5.34297
-5.32652
-5.29001
-5.38348
-5.31014
-5.27661
-5.13963
-5.15776
-5.24801
-5.26557
-5.24773
-5.31952
-5.30491
-5.36727
-5.37869
-5.383
-5.4034
-5.46088
-5.36432
-5.28646
-5.33711
-5.34142
-5.37282
-5.36503
-5.38623
-5.44123
-5.38189
-5.44073
-5.44916
-5.39658
-5.38686
-5.38337
-5.33207
-5.50622
-5.62421
-5.57351
-5.5978
-5.49915
-5.47505
-5.4436
-5.43654
-5.37188
-5.42958
-5.43182
-5.41495
-5.44556
-5.45399
-5.54104
-5.39946
-5.45312
-5.36889
-5.40341
-5.4419
-5.41219
-5.45131
-5.46956
-5.56628
-5.54407
-5.59852
-5.52538
-5.51505
-5.4103
-5.41121
-5.41097
-5.39006
-5.46416
-5.46645
-5.43775
-5.39706
-5.43481
-5.42402
-5.47303
-5.4777
-5.49503
-5.47725
-5.47926
-5.5309
-5.59669
-5.60731
-5.6113
-5.55239
-5.55564
-5.54353
-5.50978
-5.59338
-5.52316
-5.50349
-5.47912
-5.5823
-5.59105
-5.47152
-5.53156
-5.55216
-5.53035
-5.43454
-5.50558
-5.58181
-5.54402
-5.52215
-5.51351
-5.48934
-5.42422
-5.44644
-5.4992
-5.52474
-5.50021
-5.51768
-5.5611
-5.49771
-5.44272
-5.45177
-5.44427
-5.36145
-5.33352
-5.32741
-5.43098
-5.45596
-5.45968
-5.51459
-5.56558
-5.47856
-5.52032
-5.46067
-5.36673
-5.41413
-5.38967
-5.39369
-5.3518
-5.46343
-5.53826
-5.46127
-5.43078
-5.4229
-5.4149
-5.42211
-5.37421
-5.40255
-5.46457
-5.41654
-5.36804
-5.3476
-5.46141
-5.53393
-5.47427
-5.46053
-5.52792
-5.50434
-5.55428
-5.5171
-5.5216
-5.4587
-5.3592
-5.32146
-5.34355
-5.38412
-5.465
-5.51756
-5.42156
-5.38264
-5.53343
-5.48659
-5.47147
-5.47341
-5.38467
-5.2786
-5.24555
-5.42625
-5.41528
-5.36901
-5.32635
-5.34366
-5.38512
-5.3429
-5.32093
-5.26301
-5.3448
-5.34962
-5.40343
-5.42196
-5.41508
-5.40956
-5.40557
-5.4061
-5.39708
-5.42202
-5.35968
-5.37357
-5.39441
-5.41142
-5.42746
-5.37472
-5.42939
-5.35027
-5.35713
-5.41638
-5.4341
-5.3866
-5.3214
-5.38567
-5.42322
-5.49239
-5.49199
-5.56806
-5.3678
-5.34635
-5.47161
-5.39059
-5.37068
-5.44309
-5.47006
-5.47187
-5.32623
-5.4444
-5.46588
-5.39799
-5.3856
-5.43642
-5.42167
-5.46893
-5.47911
-5.43293
-5.45271
-5.5333
-5.44357
-5.51335
-5.58686
-5.58563
-5.59968
-5.62271
-5.49997
-5.54485
-5.47899
-5.398
-5.52378
-5.54846
-5.56985
-5.48146
-5.50975
-5.43358
-5.38431
-5.3026
-5.27873
-5.33353
-5.35788
-5.39268
-5.41983
-5.38066
-5.45059
-5.45233
-5.42662
-5.39607
-5.31927
-5.29614
-5.2736
-5.33507
-5.38004
-5.41045
-5.4215
-5.40453
-5.35856
-5.37798
-5.4677
-5.46655
-5.46892
-5.52726
-5.56762
-5.58482
-5.61457
-5.58399
-5.57996
-5.5875
-5.55516
-5.4188
-5.46905
-5.51688
-5.45305
-5.5411
-5.55764
-5.63393
-5.66278
-5.54726
-5.57188
-5.55196
-5.58698
-5.64121
-5.70104
-5.74036
-5.63796
-5.61393
-5.50327
-5.53866
-5.56563
-5.42202
-5.3596
-5.36831
-5.47372
-5.60382
-5.62853
-5.72349
-5.70362
-5.65768
-5.634
-5.61534
-5.68989
-5.70956
-5.70827
-5.70085
-5.6373
-5.61086
-5.52599
-5.57992
-5.52795
-5.60083
-5.71377
-5.68239
-5.61486
-5.58005
-5.52282
-5.50441
-5.54862
-5.51779
-5.51844
-5.63601
-5.63011
-5.59144
-5.48268
-5.54883
-5.52356
-5.58067
-5.5471
-5.59011
-5.6066
-5.56657
-5.55093
-5.49995
-5.57132
-5.59753
-5.61144
-5.5487
-5.54539
-5.47829
-5.43126
-5.44332
-5.43488
-5.48821
-5.45663
-5.40129
-5.36238
-5.40033
-5.43585
-5.39972
-5.54717
-5.52854
-5.51021
-5.60574
-5.55808
-5.54472
-5.58691
-5.47533
-5.52377
-5.44701
-5.49078
-5.32988
-5.34344
-5.4573
-5.55551
-5.44135
-5.33224
-5.31201
-5.35165
-5.42603
-5.44657
-5.36341
-5.3334
-5.43716
-5.43898
-5.44387
-5.5416
-5.48035
-5.49461
-5.5868
-5.60034
-5.51511
-5.54579
-5.51234
-5.48759
-5.59271
-5.56144
-5.4731
-5.41592
-5.41118
-5.4487
-5.44097
-5.44055
-5.56184
-5.53625
-5.44772
-5.57135
-5.52598
-5.45965
-5.45649
-5.46533
-5.48794
-5.55679
-5.58322
-5.63946
-5.58305
-5.56731
-5.55015
-5.53977
-5.4377
-5.39635
-5.3912
-5.53045
-5.44973
-5.45051
-5.50219
-5.45328
-5.37639
-5.31112
-5.40909
-5.46432
-5.4978
-5.40214
-5.34564
-5.33019
-5.28479
-5.33759
-5.36616
-5.40486
-5.38436
-5.45286
-5.44299
-5.40488
-5.3716
-5.42885
-5.38858
-5.34612
-5.36374
-5.24658
-5.35232
-5.32487
-5.22499
-5.26762
-5.36101
-5.33681
-5.38099
-5.49757
-5.47213
-5.57493
-5.54097
-5.53371
-5.46756
-5.41104
-5.41118
-5.40285
-5.39833
-5.50749
-5.42042
-5.46471
-5.43539
-5.44354
-5.41756
-5.52279
-5.52978
-5.44773
-5.30798
-5.3379
-5.50799
-5.51236
-5.49478
-5.50986
-5.47153
-5.53505
-5.50795
-5.48557
-5.53031
-5.42787
-5.45783
-5.35723
-5.36688
-5.26911
-5.28072
-5.43915
-5.44538
-5.53367
-5.56004
-5.49673
-5.54061
-5.46685
-5.49612
-5.53442
-5.46022
-5.41021
-5.39595
-5.37793
-5.26034
-5.2864
-5.34573
-5.32644
-5.26078
-5.28728
-5.3085
-5.3669
-5.36105
-5.29054
-5.24289
-5.3744
-5.40869
-5.4061
-5.37309
-5.35945
-5.44088
-5.45081
-5.35271
-5.41219
-5.37296
-5.40789
-5.3106
-5.27469
-5.43341
-5.4459
-5.43185
-5.46691
-5.5107
-5.50056
-5.43562
-5.46619
-5.36711
-5.44666
-5.43311
-5.4463
-5.43274
-5.46838
-5.44403
-5.45378
-5.3359
-5.25465
-5.30306
-5.34729
-5.37892
-5.42793
-5.39378
-5.31647
-5.29351
-5.35767
-5.40122
-5.39808
-5.31575
-5.35264
-5.30059
-5.3475
-5.38786
-5.30071
-5.39012
-5.38485
-5.36711
-5.36143
-5.34112
-5.38607
-5.34781
-5.31186
-5.28988
-5.27403
-5.26735
-5.36007
-5.3933
-5.48398
-5.49855
-5.35576
-5.34968
-5.40212
-5.37869
-5.36986
-5.3845
-5.46974
-5.50077
-5.42746
-5.45563
-5.48609
-5.44249
-5.43919
-5.48334
-5.39836
-5.35362
-5.46006
-5.55318
-5.49451
-5.50757
-5.55214
-5.44183
-5.46964
-5.48447
-5.50084
-5.47826
-5.43104
-5.34939
-5.38411
-5.4092
-5.52409
-5.534
-5.58501
-5.61148
-5.5854
-5.66743
-5.54961
-5.50508
-5.41454
-5.47037
-5.31008
-5.3387
-5.30252
-5.3603
-5.44203
-5.5761
-5.57221
-5.51181
-5.48481
-5.50981
-5.45242
-5.36155
-5.2981
-5.25299
-5.39187
-5.35673
-5.43938
-5.37243
-5.34663
-5.2671
-5.371
-5.4244
-5.44052
-5.52623
-5.45175
-5.40791
-5.49932
-5.48965
-5.46566
-5.462
-5.52711
-5.54469
-5.57025
-5.52404
-5.47771
-5.5941
-5.59349
-5.5042
-5.5204
-5.59129
-5.53591
-5.62722
-5.64534
-5.61464
-5.59288
-5.54208
-5.52241
-5.48379
-5.43099
-5.52721
-5.48525
-5.5722
-5.4742
-5.46576
-5.50908
-5.50753
-5.50563
-5.45742
-5.40578
-5.4168
-5.41947
-5.4393
-5.3637
-5.46538
-5.53672
-5.48747
-5.47868
-5.35741
-5.29285
-5.35925
-5.51945
-5.52024
-5.52113
-5.46424
-5.40819
-5.3624
-5.35368
-5.43548
-5.47365
-5.56551
-5.53054
-5.47358
-5.47641
-5.55467
-5.56527
-5.63711
-5.58443
-5.5677
-5.5837
-5.59915
-5.51504
-5.62928
-5.59733
-5.62304
-5.70535
-5.5311
-5.43251
-5.43847
-5.51612
-5.44885
-5.4225
-5.44995
-5.50186
-5.48092
-5.51556
-5.51178
-5.48834
-5.53388
-5.51672
-5.47725
-5.43969
-5.4647
-5.50653
-5.46584
-5.45526
-5.38433
-5.40919
-5.38895
-5.43642
-5.44618
-5.43621
-5.42735
-5.54725
-5.6206
-5.63924
-5.55361
-5.44547
-5.41347
-5.432
-5.53615
-5.55275
-5.46953
-5.46982
-5.49577
-5.39501
-5.28848
-5.37652
-5.3997
-5.51133
-5.52214
-5.45002
-5.51108
-5.61963
-5.59758
-5.56834
-5.52135
-5.58904
-5.58615
-5.56871
-5.60143
-5.62112
-5.47433
-5.53941
-5.40387
-5.42697
-5.41639
-5.44491
-5.33335
-5.38785
-5.36936
-5.3111
-5.41354
-5.3168
-5.33662
-5.41658
-5.3644
-5.38288
-5.3924
-5.36588
-5.36614
-5.35098
-5.37277
-5.40976
-5.43618
-5.45199
-5.35694
-5.36741
-5.40773
-5.43379
-5.46328
-5.51674
-5.38239
-5.48951
-5.45604
-5.49947
-5.51975
-5.53544
-5.46181
-5.41439
-5.38917
-5.44078
-5.48028
-5.40925
-5.3633
-5.29732
-5.32744
-5.33096
-5.41334
-5.47065
-5.47383
-5.43954
-5.47426
-5.42047
-5.43412
-5.33969
-5.37436
-5.34682
-5.36672
-5.31134
-5.24943
-5.27957
-5.36076
-5.42037
-5.47777
-5.41435
-5.39082
-5.44119
-5.41123
-5.44205
-5.40235
-5.47885
-5.40698
-5.41002
-5.46716
-5.41438
-5.40913
-5.41425
-5.41339
-5.43477
-5.44582
-5.4246
-5.36373
-5.41568
-5.39554
-5.29049
-5.38111
-5.40712
-5.42541
-5.51092
-5.48486
-5.49268
-5.52574
-5.49805
-5.52478
-5.54849
-5.48746
-5.47545
-5.53627
-5.48653
-5.43254
-5.44066
-5.48416
-5.40173
-5.37247
-5.31491
-5.36864
-5.34732
-5.41634
-5.39833
-5.44132
-5.47599
-5.37405
-5.38809
-5.46378
-5.43229
-5.34563
-5.46299
-5.47423
-5.52391
-5.61258
-5.63042
-5.698
-5.66737
-5.60422
-5.51953
-5.53653
-5.54809
-5.56508
-5.56672
-5.57482
-5.55707
-5.59451
-5.58573
-5.53108
-5.57436
-5.50369
-5.47839
-5.47668
-5.42868
-5.49001
-5.42777
-5.51222
-5.49351
-5.52435
-5.50608
-5.3967
-5.32387
-5.3237
-5.36468
-5.44762
-5.53505
-5.56156
-5.47259
-5.45199
-5.54681
-5.53757
-5.47647
-5.44818
-5.41381
-5.51899
-5.48667
-5.49432
-5.57311
-5.55998
-5.55283
-5.58099
-5.57307
-5.61947
-5.63012
-5.57875
-5.61033
-5.5471
-5.51053
-5.4961
-5.41225
-5.3791
-5.42757
-5.36489
-5.41483
-5.44842
-5.32521
-5.33871
-5.38931
-5.35344
-5.42451
-5.4523
-5.4441
-5.40223
-5.3502
-5.42754
-5.45388
-5.34052
-5.27851
-5.30081
-5.29561
-5.20683
-5.26018
-5.2896
-5.32247
-5.36968
-5.42076
-5.34963
-5.42146
-5.35531
-5.25052
-5.13411
-5.29828
-5.36501
-5.37089
-5.33665
-5.28931
-5.33036
-5.39274
-5.44741
-5.50423
-5.48142
-5.47242
-5.4741
-5.54474
-5.53066
-5.50285
-5.41433
-5.46752
-5.37546
-5.31117
-5.34672
-5.32236
-5.26723
-5.31523
-5.36497
-5.29171
-5.3404
-5.27165
-5.37431
-5.41909
-5.48494
-5.47261
-5.40881
-5.41135
-5.29866
-5.3004
-5.45427
-5.35689
-5.424
-5.43354
-5.36706
-5.45804
-5.47794
-5.45851
-5.47688
-5.37469
-5.47003
-5.40735
-5.49522
-5.51618
-5.51139
-5.49313
-5.55819
-5.56452
-5.57711
-5.55975
-5.51934
-5.53107
-5.47323
-5.47581
-5.50128
-5.54605
-5.53395
-5.57786
-5.59446
-5.70145
-5.73019
-5.73664
-5.72759
-5.64932
-5.66761
-5.53842
-5.51874
-5.43816
-5.4146
-5.43117
-5.35987
-5.35879
-5.40008
-5.51229
-5.53831
-5.60444
-5.67207
-5.67254
-5.56693
-5.61207
-5.61953
-5.59301
-5.61089
-5.49292
-5.50479
-5.51135
-5.54808
-5.54056
-5.44225
-5.48232
-5.52392
-5.54152
-5.53799
-5.41089
-5.3901
-5.40033
-5.37005
-5.43046
-5.42652
-5.44541
-5.52916
-5.45364
-5.34796
-5.46564
-5.49486
-5.5488
-5.52749
-5.46515
-5.47924
-5.56797
-5.61085
-5.63158
-5.4884
-5.44863
-5.48907
-5.5104
-5.55786
-5.55987
-5.48462
-5.53554
-5.5394
-5.63467
-5.62837
-5.60008
-5.59655
-5.52065
-5.51567
-5.49739
-5.41137
-5.43145
-5.35382
-5.28124
-5.38391
-5.43863
-5.49207
-5.52165
-5.51772
-5.45643
-5.35663
-5.34119
-5.37638
-5.37632
-5.38923
-5.38852
-5.38822
-5.43832
-5.4672
-5.33163
-5.3251
-5.43618
-5.45382
-5.4303
-5.60317
-5.58871
-5.54934
-5.61013
-5.50749
-5.49414
-5.48801
-5.43009
-5.47909
-5.53602
-5.51346
-5.51341
-5.45067
-5.52177
-5.5094
-5.51238
-5.56102
-5.47881
-5.47458
-5.42368
-5.33499
-5.30174
-5.37428
-5.42863
-5.5478
-5.40972
-5.38731
-5.52227
-5.48649
-5.54086
-5.56922
-5.49083
-5.59681
-5.60348
-5.63851
-5.63195
-5.4848
-5.50428
-5.3359
-5.49864
-5.60464
-5.599
-5.67215
-5.68802
-5.6727
-5.56958
-5.52719
-5.48811
-5.49125
-5.56559
-5.53183
-5.4224
-5.46923
-5.46045
-5.43277
-5.43961
-5.38873
-5.40556
-5.4347
-5.39788
-5.46463
-5.42886
-5.56489
-5.50253
-5.51107
-5.5127
-5.49071
-5.42556
-5.48713
-5.51006
-5.41438
-5.39395
-5.33884
-5.42787
-5.37044
-5.43536
-5.47522
-5.42438
-5.35924
-5.32645
-5.3752
-5.37865
-5.43981
-5.48088
-5.54697
-5.57116
-5.53874
-5.4263
-5.37214
-5.37251
-5.30709
-5.32851
-5.42583
-5.44169
-5.33284
-5.39921
-5.45177
-5.51055
-5.49007
-5.43244
-5.46858
-5.42662
-5.44976
-5.54138
-5.53238
-5.47143
-5.45456
-5.49107
-5.52022
-5.49199
-5.40293
-5.33789
-5.23464
-5.23726
-5.35421
-5.39257
-5.47244
-5.39809
-5.46949
-5.52687
-5.48613
-5.47126
-5.42962
-5.44777
-5.43561
-5.3823
-5.33721
-5.49384
-5.35183
-5.3661
-5.42898
-5.3859
-5.32726
-5.35816
-5.36392
-5.40814
-5.40796
-5.40147
-5.44725
-5.4731
-5.37193
-5.41497
-5.33697
-5.40601
-5.42696
-5.48726
-5.44026
-5.47518
-5.48696
-5.42435
-5.46648
-5.4453
-5.51698
-5.43728
-5.39996
-5.41041
-5.33584
-5.23128
-5.28483
-5.25024
-5.12927
-5.33283
-5.3637
-5.43087
-5.41803
-5.40657
-5.2882
-5.31994
-5.4437
-5.46101
-5.36543
-5.52532
-5.59412
-5.52591
-5.4565
-5.42248
-5.4755
-5.45437
-5.39609
-5.51005
-5.50872
-5.5387
-5.63168
-5.54834
-5.51006
-5.50677
-5.44101
-5.50864
-5.45822
-5.35593
-5.373
-5.36135
-5.36775
-5.41779
-5.51091
-5.43855
-5.42776
-5.44199
-5.45384
-5.40711
-5.43765
-5.413
-5.2745
-5.17597
-5.31863
-5.20319
-5.34601
-5.30775
-5.28556
-5.41839
-5.39947
-5.36584
-5.29696
-5.22721
-5.21354
-5.43589
-5.4764
-5.40532
-5.32416
-5.31215
-5.24624
-5.31349
-5.28643
-5.3176
-5.41672
-5.43831
-5.46751
-5.45147
-5.46824
-5.35697
-5.43071
-5.51833
-5.47043
-5.48941
-5.49761
-5.41554
-5.34116
-5.32751
-5.33683
-5.4058
-5.45561
-5.39055
-5.44703
-5.35594
-5.39556
-5.31552
-5.32059
-5.29042
-5.3842
-5.33627
-5.31848
-5.29932
-5.28461
-5.33082
-5.30121
-5.24209
-5.34391
-5.38047
-5.35866
-5.36163
-5.38296
-5.43254
-5.4097
-5.35504
-5.32535
-5.2875
-5.28983
-5.2605
-5.31451
-5.25931
-5.19646
-5.22211
-5.30555
-5.29277
-5.30897
-5.2662
-5.29694
-5.35548
-5.38028
-5.34899
-5.33021
-5.30051
-5.24185
-5.23545
-5.38858
-5.40944
-5.37929
-5.40777
-5.45031
-5.53136
-5.54996
-5.43268
-5.54147
-5.39268
-5.33853
-5.22551
-5.28378
-5.47294
-5.48384
-5.45655
-5.4772
-5.51035
-5.55551
-5.59116
-5.48889
-5.44909
-5.41942
-5.37856
-5.30532
-5.24526
-5.26585
-5.30323
-5.2673
-5.26846
-5.35493
-5.26705
-5.23277
-5.28088
-5.34452
-5.34086
-5.27539
-5.3233
-5.24651
-5.22713
-5.32743
-5.31434
-5.38343
-5.34164
-5.28001
-5.24146
-5.30906
-5.31732
-5.23038
-5.33158
-5.3883
-5.35144
-5.27512
-5.29136
-5.33059
-5.33598
-5.32111
-5.20733
-5.29771
-5.16236
-5.22206
-5.16903
-5.20222
-5.23254
-5.32634
-5.35582
-5.32084
-5.39806
-5.50305
-5.50055
-5.4788
-5.45135
-5.38559
-5.38421
-5.43452
-5.33286
-5.33104
-5.32311
-5.37133
-5.48568
-5.46594
-5.32467
-5.37477
-5.41429
-5.43176
-5.25007
-5.27079
-5.2852
-5.32076
-5.40525
-5.41997
-5.41581
-5.39308
-5.51778
-5.51823
-5.43773
-5.45548
-5.4943
-5.43114
-5.43526
-5.43267
-5.44712
-5.39465
-5.48402
-5.42426
-5.52859
-5.46941
-5.47777
-5.42248
-5.3363
-5.31343
-5.32517
-5.32414
-5.38991
-5.35571
-5.3788
-5.3466
-5.31759
-5.34449
-5.34521
-5.42966
-5.42422
-5.50037
-5.44843
-5.49053
-5.45025
-5.48079
-5.46078
-5.29859
-5.32744
-5.37904
-5.39225
-5.45875
-5.4679
-5.52447
-5.46591
-5.42205
-5.4767
-5.51781
-5.52924
-5.46292
-5.48632
-5.49604
-5.46635
-5.52545
-5.52907
-5.40275
-5.48103
-5.54899
-5.53415
-5.48152
-5.46244
-5.50488
-5.48171
-5.4801
-5.4933
-5.53398
-5.43247
-5.43291
-5.44373
-5.41711
-5.51097
-5.45285
-5.38262
-5.38591
-5.49247
-5.47175
-5.46698
-5.4308
-5.44164
-5.37174
-5.3004
-5.2691
-5.34776
-5.35587
-5.51299
-5.38547
-5.31146
-5.45315
-5.39975
-5.30349
-5.37061
-5.36294
-5.38085
-5.39428
-5.40237
-5.3464
-5.28027
-5.23364
-5.30986
-5.37791
-5.40755
-5.52442
-5.4801
-5.39481
-5.32799
-5.31099
-5.33368
-5.29838
-5.28255
-5.32505
-5.38778
-5.38513
-5.34182
-5.39315
-5.36685
-5.34723
-5.47473
-5.37984
-5.40203
-5.40232
-5.37007
-5.19381
-5.27054
-5.40183
-5.38642
-5.38122
-5.45834
-5.45626
-5.4792
-5.42414
-5.37779
-5.37373
-5.40926
-5.51351
-5.51837
-5.56979
-5.51966
-5.57083
-5.5764
-5.59347
-5.45451
-5.42722
-5.47769
-5.41822
-5.44982
-5.50121
-5.46808
-5.34838
-5.31521
-5.45288
-5.45418
-5.40744
-5.44794
-5.42066
-5.57416
-5.53993
-5.50125
-5.52397
-5.53142
-5.51345
-5.50222
-5.27631
-5.31978
-5.26683
-5.26404
-5.2469
-5.29096
-5.36791
-5.33843
-5.3157
-5.25919
-5.26685
-5.37752
-5.35999
-5.32699
-5.43192
-5.3768
-5.4912
-5.35303
-5.43069
-5.41588
-5.404
-5.40326
-5.32946
-5.34708
-5.391
-5.31033
-5.31272
-5.34666
-5.38577
-5.3384
-5.38456
-5.44174
-5.41396
-5.37699
-5.41355
-5.41697
-5.37614
-5.4925
-5.52725
-5.48883
-5.57565
-5.64857
-5.48507
-5.51513
-5.42291
-5.43574
-5.36893
-5.28984
-5.39767
-5.4174
-5.42674
-5.38916
-5.56219
-5.5496
-5.47709
-5.40725
-5.37196
-5.29587
-5.39103
-5.41146
-5.37097
-5.39293
-5.41035
-5.44032
-5.42545
-5.41345
-5.50327
-5.45586
-5.34333
-5.33128
-5.36405
-5.34806
-5.37027
-5.52628
-5.50821
-5.49081
-5.47362
-5.55749
-5.49523
-5.37951
-5.37951
-5.44781
-5.4874
-5.47012
-5.473
-5.42505
-5.52749
-5.48637
-5.59332
-5.57503
-5.58662
-5.62068
-5.55279
-5.44798
-5.47468
-5.51412
-5.46865
-5.37426
-5.38602
-5.34548
-5.41157
-5.49734
-5.45775
-5.50178
-5.48678
-5.54274
-5.63415
-5.54135
-5.53272
-5.56445
-5.56562
-5.43258
-5.45979
-5.40516
-5.5147
-5.55797
-5.47953
-5.43988
-5.51383
-5.44657
-5.4274
-5.48245
-5.43816
-5.39369
-5.40977
-5.46527
-5.43786
-5.48473
-5.40505
-5.41387
-5.38012
-5.44414
-5.50424
-5.45945
-5.44609
-5.50914
-5.52051
-5.54966
-5.55692
-5.52305
-5.57696
-5.51767
-5.56116
-5.42159
-5.45463
-5.52999
-5.56246
-5.56112
-5.45477
-5.39562
-5.42682
-5.36919
-5.2877
-5.38101
-5.4113
-5.3514
-5.39659
-5.41084
-5.32673
-5.44186
-5.41043
-5.42313
-5.46662
-5.42114
-5.44725
-5.49512
-5.41555
-5.38199
-5.37506
-5.39066
-5.44911
-5.35612
-5.24083
-5.29807
-5.32582
-5.28296
-5.17219
-5.25265
-5.25846
-5.21209
-5.21774
-5.2595
-5.19742
-5.32276
-5.35313
-5.38845
-5.4168
-5.49008
-5.42954
-5.4292
-5.47509
-5.37872
-5.48092
-5.38439
-5.23379
-5.32823
-5.32322
-5.28445
-5.44762
-5.4501
-5.45781
-5.474
-5.55335
-5.57572
-5.50054
-5.43066
-5.45334
-5.38366
-5.4048
-5.38436
-5.36529
-5.35885
-5.26842
-5.27396
-5.32407
-5.26713
-5.24375
-5.11384
-5.18266
-5.23573
-5.31392
-5.22929
-5.18468
-5.19529
-5.24969
-5.31162
-5.23096
-5.27173
-5.29887
-5.28967
-5.27314
-5.16278
-5.23733
-5.2578
-5.28751
-5.31256
-5.36448
-5.39551
-5.45089
-5.42875
-5.38509
-5.39113
-5.39312
-5.50688
-5.48996
-5.43289
-5.3716
-5.42535
-5.42807
-5.40545
-5.40288
-5.36387
-5.39654
-5.39786
-5.46317
-5.53827
-5.5512
-5.44274
-5.37115
-5.30727
-5.38188
-5.39447
-5.34977
-5.36937
-5.34053
-5.41478
-5.5278
-5.417
-5.39495
-5.33984
-5.42351
-5.39424
-5.30917
-5.23388
-5.42818
-5.35098
-5.39173
-5.4243
-5.44418
-5.33766
-5.39641
-5.45921
-5.47368
-5.42091
-5.45915
-5.3828
-5.41261
-5.42237
-5.39263
-5.43296
-5.49353
-5.45044
-5.41177
-5.46124
-5.44043
-5.46098
-5.44622
-5.37869
-5.43549
-5.41248
-5.38761
-5.4007
-5.46558
-5.40685
-5.38336
-5.49585
-5.56465
-5.48853
-5.55799
-5.57978
-5.48103
-5.32797
-5.32335
-5.35115
-5.29572
-5.2331
-5.28947
-5.41278
-5.43872
-5.38328
-5.39531
-5.34621
-5.4667
-5.42381
-5.40183
-5.34803
-5.38361
-5.41433
-5.42384
-5.43786
-5.36046
-5.40765
-5.31107
-5.29517
-5.38193
-5.44978
-5.40763
-5.32651
-5.35942
-5.36482
-5.38258
-5.43782
-5.4572
-5.52963
-5.57889
-5.49096
-5.49056
-5.39369
-5.37416
-5.49225
-5.50168
-5.42079
-5.45063
-5.52965
-5.44349
-5.41621
-5.45718
-5.55159
-5.60826
-5.59897
-5.51001
-5.57769
-5.57951
-5.52628
-5.5917
-5.61665
-5.60572
-5.55722
-5.60344
-5.56211
-5.46312
-5.4134
-5.46375
-5.39421
-5.41598
-5.52018
-5.36058
-5.29544
-5.2678
-5.45534
-5.53472
-5.57877
-5.48975
-5.46335
-5.44004
-5.45951
-5.51215
-5.4962
-5.44703
-5.55315
-5.54025
-5.53824
-5.55853
-5.53434
-5.45209
-5.39132
-5.38072
-5.3914
-5.46359
-5.44713
-5.44965
-5.39934
-5.48558
-5.38221
-5.28986
-5.33434
-5.24674
-5.34363
-5.41735
-5.42841
-5.49141
-5.45127
-5.44135
-5.36356
-5.38361
-5.37918
-5.5039
-5.51041
-5.42261
-5.52339
-5.45373
-5.52091
-5.61939
-5.56331
-5.56453
-5.55812
-5.43446
-5.50118
-5.54683
-5.54771
-5.55828
-5.52777
-5.62591
-5.465
-5.47929
-5.42811
-5.3431
-5.3261
-5.52405
-5.42128
-5.42303
-5.43355
-5.2128
-5.46657
-5.44024
-5.40937
-5.40471
-5.35
-5.33651
-5.40074
-5.5183
-5.50128
-5.50109
-5.53956
-5.56149
-5.49555
-5.49768
-5.5512
-5.54729
-5.52149
-5.41878
-5.32264
-5.36924
-5.41186
-5.36679
-5.40087
-5.44932
-5.50173
-5.44395
-5.50736
-5.45004
-5.46273
-5.50503
-5.41928
-5.5356
-5.5595
-5.54541
-5.53173
-5.44561
-5.48721
-5.53399
-5.47365
-5.55317
-5.50341
-5.48007
-5.42455
-5.39672
-5.42488
-5.45282
-5.53138
-5.58279
-5.56394
-5.57156
-5.58728
-5.59816
-5.55551
-5.5143
-5.44902
-5.51804
-5.37905
-5.56156
-5.55879
-5.53691
-5.51568
-5.50714
-5.55379
-5.5462
-5.56936
-5.55935
-5.51513
-5.45757
-5.44117
-5.39901
-5.51694
-5.58878
-5.54374
-5.54156
-5.59113
-5.59751
-5.59191
-5.59693
-5.70373
-5.61385
-5.48132
-5.51334
-5.57472
-5.50159
-5.56216
-5.55336
-5.50827
-5.54085
-5.54862
-5.63137
-5.76669
-5.70549
-5.67346
-5.66453
-5.62881
-5.66401
-5.50708
-5.47105
-5.51683
-5.49195
-5.52868
-5.50951
-5.62081
-5.62198
-5.60459
-5.51429
-5.53194
-5.59586
-5.6395
-5.62033
-5.60914
-5.59234
-5.55651
-5.50206
-5.53795
-5.60754
-5.60534
-5.58001
-5.55045
-5.62203
-5.62245
-5.69103
-5.63717
-5.60727
-5.58719
-5.6748
-5.70065
-5.65869
-5.63854
-5.56934
-5.62594
-5.63601
-5.55732
-5.60368
-5.50394
-5.4889
-5.58453
-5.62298
-5.63671
-5.68388
-5.64694
-5.5689
-5.47015
-5.41052
-5.38646
-5.39401
-5.31401
-5.3191
-5.33053
-5.35334
-5.33852
-5.41911
-5.45052
-5.45373
-5.48916
-5.42541
-5.503
-5.51785
-5.53792
-5.52627
-5.47519
-5.42534
-5.34968
-5.45716
-5.519
-5.54342
-5.56617
-5.5664
-5.61067
-5.60343
-5.6597
-5.59146
-5.52067
-5.52322
-5.47405
-5.49802
-5.50038
-5.53904
-5.52253
-5.51571
-5.55652
-5.58362
-5.49177
-5.51164
-5.47789
-5.54831
-5.49927
-5.54592
-5.51619
-5.58036
-5.48701
-5.50943
-5.53872
-5.43227
-5.57606
-5.61009
-5.55969
-5.59121
-5.60588
-5.56579
-5.5168
-5.50946
-5.46594
-5.44845
-5.43568
-5.37588
-5.38604
-5.4461
-5.46189
-5.49136
-5.41509
-5.49618
-5.49344
-5.49111
-5.53019
-5.60519
-5.53233
-5.53789
-5.52747
-5.46067
-5.41384
-5.50648
-5.49993
-5.63991
-5.57634
-5.61127
-5.60867
-5.63436
-5.62257
-5.52494
-5.61761
-5.51363
-5.5568
-5.50571
-5.50574
-5.57136
-5.61299
-5.58438
-5.51418
-5.42353
-5.58447
-5.58933
-5.56802
-5.58741
-5.56115
-5.51822
-5.46877
-5.50866
-5.56365
-5.59032
-5.60053
-5.56805
-5.52392
-5.48571
-5.42634
-5.40221
-5.3971
-5.47783
-5.5225
-5.50628
-5.53702
-5.38436
-5.3567
-5.28824
-5.42994
-5.38888
-5.26676
-5.27069
-5.40684
-5.48009
-5.5097
-5.49609
-5.42553
-5.40501
-5.49927
-5.54938
-5.49304
-5.48403
-5.46214
-5.4423
-5.41875
-5.41435
-5.44448
-5.53399
-5.53323
-5.5745
-5.60597
-5.65511
-5.55693
-5.45892
-5.4916
-5.44589
-5.46252
-5.56773
-5.59678
-5.62082
-5.52905
-5.48665
-5.47398
-5.39647
-5.35494
-5.48307
-5.39797
-5.48045
-5.56285
-5.60491
-5.56594
-5.52363
-5.48319
-5.46058
-5.47376
-5.62732
-5.56804
-5.55707
-5.46767
-5.49956
-5.58554
-5.48558
-5.59275
-5.49314
-5.46089
-5.47218
-5.41859
-5.41751
-5.396
-5.38968
-5.4787
-5.4205
-5.33564
-5.29069
-5.43304
-5.48087
-5.50075
-5.4811
-5.43607
-5.48345
-5.48736
-5.52538
-5.53222
-5.48516
-5.48408
-5.48647
-5.36282
-5.44949
-5.51557
-5.48893
-5.51949
-5.55077
-5.58527
-5.61698
-5.55312
-5.45457
-5.34768
-5.42185
-5.47579
-5.44343
-5.47144
-5.53132
-5.43245
-5.32539
-5.33106
-5.33156
-5.44255
-5.48553
-5.368
-5.36609
-5.39607
-5.52202
-5.53397
-5.4552
-5.47158
-5.49582
-5.42013
-5.40249
-5.40041
-5.37393
-5.35599
-5.40852
-5.44212
-5.54499
-5.60596
-5.53729
-5.54157
-5.53829
-5.5158
-5.4024
-5.3874
-5.30225
-5.44603
-5.46732
-5.4351
-5.37819
-5.43856
-5.41488
-5.50396
-5.49776
-5.48868
-5.39645
-5.53259
-5.46214
-5.44858
-5.43733
-5.36969
-5.47708
-5.49436
-5.59978
-5.58433
-5.58659
-5.54902
-5.51276
-5.42858
-5.49997
-5.47793
-5.51979
-5.56879
-5.44709
-5.47988
-5.32667
-5.47673
-5.56683
-5.46452
-5.50854
-5.55052
-5.49649
-5.48455
-5.53225
-5.55236
-5.57058
-5.62658
-5.63178
-5.60733
-5.46899
-5.48112
-5.42281
-5.55178
-5.46024
-5.54674
-5.57023
-5.59177
-5.46978
-5.54428
-5.58969
-5.64508
-5.63539
-5.5706
-5.7076
-5.59669
-5.6228
-5.64459
-5.67976
-5.59368
-5.58033
-5.56543
-5.51044
-5.5188
-5.42498
-5.39999
-5.47437
-5.42189
-5.44422
-5.46224
-5.51996
-5.52156
-5.62771
-5.52541
-5.47474
-5.42465
-5.36797
-5.42096
-5.62571
-5.58028
-5.56132
-5.50432
-5.45705
-5.40201
-5.44239
-5.46172
-5.43438
-5.42449
-5.47391
-5.51751
-5.50293
-5.49532
-5.4384
-5.48257
-5.36702
-5.34368
-5.34361
-5.36136
-5.41759
-5.52783
-5.35571
-5.38347
-5.27385
-5.23958
-5.38457
-5.33525
-5.30578
-5.25117
-5.40677
-5.50496
-5.54807
-5.53892
-5.58857
-5.50834
-5.49986
-5.46721
-5.4404
-5.42263
-5.48467
-5.5321
-5.42915
-5.44199
-5.48497
-5.38812
-5.40012
-5.47117
-5.46643
-5.51716
-5.54623
-5.56056
-5.54277
-5.4667
-5.47054
-5.48882
-5.37073
-5.3624
-5.39932
-5.42423
-5.35707
-5.33294
-5.37603
-5.3925
-5.38189
-5.38278
-5.45191
-5.39787
-5.37197
-5.44287
-5.43459
-5.4305
-5.52429
-5.54515
-5.40798
-5.41808
-5.42939
-5.40841
-5.37436
-5.39396
-5.48959
-5.49878
-5.37834
-5.52615
-5.5335
-5.4839
-5.50865
-5.55761
-5.39653
-5.41752
-5.41833
-5.34218
-5.44038
-5.48553
-5.41101
-5.45417
-5.53234
-5.46983
-5.54884
-5.56192
-5.45889
-5.43902
-5.4644
-5.43452
-5.49314
-5.46112
-5.43362
-5.38603
-5.4038
-5.48131
-5.43602
-5.42654
-5.45134
-5.44737
-5.4192
-5.42436
-5.47717
-5.61873
-5.59794
-5.59442
-5.52302
-5.47902
-5.40046
-5.46356
-5.55276
-5.57225
-5.5826
-5.61246
-5.47234
-5.48188
-5.53173
-5.54051
-5.57764
-5.57299
-5.5783
-5.59307
-5.51384
-5.41085
-5.49265
-5.46277
-5.47141
-5.39461
-5.52814
-5.49934
-5.56597
-5.52947
-5.52057
-5.46573
-5.41128
-5.46001
-5.45976
-5.46905
-5.34397
-5.34895
-5.24479
-5.29212
-5.31872
-5.38659
-5.39448
-5.47971
-5.58511
-5.56752
-5.47225
-5.40126
-5.43292
-5.51067
-5.52927
-5.4244
-5.36505
-5.41447
-5.37859
-5.36135
-5.41568
-5.46674
-5.52721
-5.42762
-5.45283
-5.37822
-5.32414
-5.37268
-5.28541
-5.24778
-5.21368
-5.2571
-5.33309
-5.38233
-5.39047
-5.36482
-5.40954
-5.32676
-5.40012
-5.34913
-5.36133
-5.34278
-5.52052
-5.4106
-5.38848
-5.3152
-5.3637
-5.40348
-5.57669
-5.63149
-5.54418
-5.4928
-5.59556
-5.54242
-5.56467
-5.54229
-5.54047
-5.51516
-5.49275
-5.41376
-5.37612
-5.40567
-5.44714
-5.4571
-5.46736
-5.44138
-5.47764
-5.5438
-5.56269
-5.43017
-5.41726
-5.42521
-5.44345
-5.56011
-5.57757
-5.53955
-5.49628
-5.43314
-5.44894
-5.53287
-5.49239
-5.55458
-5.57647
-5.50139
-5.49692
-5.61318
-5.48682
-5.47132
-5.51463
-5.49261
-5.48871
-5.44633
-5.40042
-5.40089
-5.47427
-5.48815
-5.28277
-5.32556
-5.42513
-5.39844
-5.36692
-5.3989
-5.32139
-5.24483
-5.20237
-5.18023
-5.14088
-5.19444
-5.18866
-5.12921
-5.33371
-5.3952
-5.39538
-5.4689
-5.42338
-5.42879
-5.43886
-5.45538
-5.41669
-5.37074
-5.38229
-5.47232
-5.37963
-5.35967
-5.38795
-5.37804
-5.44544
-5.43319
-5.44011
-5.49806
-5.48892
-5.36008
-5.42136
-5.44224
-5.39418
-5.30885
-5.3518
-5.30201
-5.3797
-5.30992
-5.33209
-5.37752
-5.41168
-5.27071
-5.40911
-5.41007
-5.3095
-5.40082
-5.38103
-5.35142
-5.418
-5.38306
-5.48606
-5.50291
-5.49758
-5.49835
-5.51747
-5.32138
-5.28446
-5.40736
-5.4647
-5.45544
-5.50896
-5.51974
-5.54809
-5.55148
-5.47267
-5.42008
-5.45893
-5.50865
-5.55337
-5.46679
-5.44616
-5.48442
-5.45448
-5.39247
-5.46439
-5.51458
-5.57934
-5.57414
-5.59065
-5.5736
-5.58437
-5.58727
-5.54106
-5.5499
-5.51121
-5.52148
-5.58817
-5.57566
-5.53699
-5.59016
-5.49524
-5.41605
-5.42602
-5.39367
-5.38355
-5.403
-5.41584
-5.4525
-5.42929
-5.48981
-5.45085
-5.5282
-5.52672
-5.51298
-5.56688
-5.48524
-5.52009
-5.64035
-5.60621
-5.45051
-5.47237
-5.44426
-5.44717
-5.51324
-5.5189
-5.52843
-5.54619
-5.51996
-5.47363
-5.44883
-5.36949
-5.44453
-5.44305
-5.45713
-5.56807
-5.60589
-5.60608
-5.59992
-5.56947
-5.49244
-5.4979
-5.40717
-5.40063
-5.40513
-5.40546
-5.46158
-5.48448
-5.48318
-5.49028
-5.58803
-5.61363
-5.62082
-5.5898
-5.51862
-5.53137
-5.50557
-5.5058
-5.54616
-5.52683
-5.55753
-5.53639
-5.54991
-5.5923
-5.50584
-5.48322
-5.37268
-5.46572
-5.41866
-5.42926
-5.41026
-5.39078
-5.41291
-5.43459
-5.41372
-5.53478
-5.45687
-5.51508
-5.57005
-5.55796
-5.49341
-5.44768
-5.43863
-5.44939
-5.42192
-5.39921
-5.39887
-5.40083
-5.42669
-5.41271
-5.26865
-5.3581
-5.33238
-5.40407
-5.45181
-5.41187
-5.49828
-5.5319
-5.55419
-5.55191
-5.58738
-5.59119
-5.54909
-5.5585
-5.56557
-5.523
-5.49251
-5.46149
-5.49738
-5.57853
-5.59206
-5.60362
-5.63881
-5.55404
-5.54192
-5.42083
-5.49537
-5.56921
-5.51868
-5.5259
-5.63903
-5.62466
-5.65613
-5.65821
-5.61622
-5.58626
-5.54099
-5.4684
-5.45216
-5.56022
-5.54349
-5.43395
-5.39486
-5.40898
-5.42228
-5.47172
-5.64656
-5.58102
-5.53374
-5.45084
-5.4548
-5.38702
-5.35921
-5.45611
-5.47722
-5.55697
-5.61451
-5.53193
-5.57225
-5.57721
-5.54468
-5.51669
-5.5339
-5.47726
-5.51692
-5.52034
-5.43777
-5.40867
-5.51903
-5.47434
-5.45137
-5.44608
-5.48023
-5.43574
-5.398
-5.39301
-5.38686
-5.41191
-5.41117
-5.38406
-5.34132
-5.31047
-5.38736
-5.36644
-5.4312
-5.42746
-5.45073
-5.42338
-5.49191
-5.35974
-5.41182
-5.38541
-5.42438
-5.50437
-5.39675
-5.36354
-5.28771
-5.33478
-5.34849
-5.43208
-5.36773
-5.34918
-5.37572
-5.38153
-5.35148
-5.43652
-5.48959
-5.45612
-5.40949
-5.3681
-5.4043
-5.29206
-5.25314
-5.32286
-5.32416
-5.47781
-5.31105
-5.30048
-5.35822
-5.33611
-5.32188
-5.37235
-5.24496
-5.39823
-5.30112
-5.37861
-5.32933
-5.37068
-5.37065
-5.29119
-5.37393
-5.36269
-5.50735
-5.31135
-5.31048
-5.38035
-5.42817
-5.41487
-5.34929
-5.38695
-5.41917
-5.30764
-5.23487
-5.29483
-5.29038
-5.34944
-5.34661
-5.34236
-5.23376
-5.28859
-5.31089
-5.33533
-5.36326
-5.40736
-5.41225
-5.43099
-5.45191
-5.44241
-5.44023
-5.41965
-5.45891
-5.36944
-5.40963
-5.41778
-5.27731
-5.32688
-5.25654
-5.27454
-5.36542
-5.45193
-5.44119
-5.38862
-5.39646
-5.38064
-5.39146
-5.44465
-5.49824
-5.43475
-5.39148
-5.35864
-5.43004
-5.44999
-5.53391
-5.51793
-5.55558
-5.5958
-5.55355
-5.50872
-5.46499
-5.45219
-5.46477
-5.5189
-5.47343
-5.40732
-5.52508
-5.41111
-5.57964
-5.52119
-5.49889
-5.45917
-5.40385
-5.48955
-5.55841
-5.49038
-5.46623
-5.40729
-5.38543
-5.37403
-5.42024
-5.37178
-5.35472
-5.4147
-5.3753
-5.21561
-5.22612
-5.37214
-5.41554
-5.32179
-5.42306
-5.47551
-5.46847
-5.5116
-5.42952
-5.43932
-5.35794
-5.31809
-5.3609
-5.27004
-5.24134
-5.3476
-5.33232
-5.44174
-5.39851
-5.29739
-5.30409
-5.38388
-5.39322
-5.44393
-5.51022
-5.40221
-5.49408
-5.49782
-5.54326
-5.56216
-5.55407
-5.53664
-5.52237
-5.47026
-5.42937
-5.51998
-5.47358
-5.50873
-5.45895
-5.35707
-5.35102
-5.3459
-5.28254
-5.37132
-5.4357
-5.34097
-5.37469
-5.44773
-5.38608
-5.42924
-5.43531
-5.51031
-5.4775
-5.48908
-5.52291
-5.53753
-5.47035
-5.49473
-5.52538
-5.48298
-5.40956
-5.37361
-5.37393
-5.4202
-5.40418
-5.363
-5.31986
-5.25052
-5.24853
-5.23341
-5.3328
-5.36399
-5.28219
-5.24753
-5.34752
-5.44369
-5.52961
-5.47667
-5.45845
-5.3948
-5.34257
-5.35996
-5.36255
-5.2753
-5.35919
-5.37318
-5.35123
-5.44661
-5.42405
-5.41949
-5.46109
-5.47348
-5.46949
-5.50214
-5.50852
-5.49937
-5.48512
-5.52328
-5.5637
-5.54126
-5.57759
-5.6285
-5.62619
-5.66704
-5.57671
-5.53626
-5.50999
-5.61422
-5.58379
-5.56929
-5.52745
-5.58127
-5.61329
-5.54439
-5.55805
-5.43818
-5.417
-5.39624
-5.45463
-5.51176
-5.60616
-5.44522
-5.34342
-5.2388
-5.28921
-5.19933
-5.27082
-5.24977
-5.25136
-5.28026
-5.36889
-5.35999
-5.41916
-5.38178
-5.37269
-5.44752
-5.40805
-5.45893
-5.44218
-5.42643
-5.4338
-5.46809
-5.47131
-5.53767
-5.53107
-5.53944
-5.67452
-5.58996
-5.61341
-5.68651
-5.71701
-5.65333
-5.63503
-5.70775
-5.66261
-5.6408
-5.49946
-5.54671
-5.57195
-5.58378
-5.62775
-5.605
-5.65972
-5.66687
-5.64279
-5.58485
-5.52098
-5.58498
-5.61263
-5.5891
-5.59072
-5.48371
-5.45315
-5.55551
-5.60477
-5.59719
-5.56223
-5.68242
-5.67178
-5.62115
-5.50572
-5.51777
-5.59312
-5.61402
-5.62415
-5.59434
-5.62025
-5.6557
-5.67195
-5.6167
-5.58315
-5.49846
-5.43891
-5.44982
-5.47977
-5.47766
-5.46667
-5.41944
-5.49138
-5.50617
-5.54257
-5.54389
-5.55086
-5.51817
-5.56506
-5.43814
-5.51386
-5.4842
-5.59139
-5.63955
-5.62912
-5.54682
-5.45669
-5.45472
-5.50851
-5.5119
-5.45244
-5.44741
-5.52253
-5.55391
-5.51935
-5.44633
-5.56395
-5.65145
-5.54467
-5.59636
-5.58891
-5.59663
-5.50744
-5.62743
-5.50138
-5.52883
-5.46692
-5.35238
-5.34872
-5.33483
-5.32058
-5.47587
-5.58112
-5.56215
-5.57654
-5.50398
-5.42465
-5.39489
-5.34354
-5.34347
-5.48451
-5.48653
-5.47908
-5.53239
-5.54808
-5.60216
-5.54279
-5.49756
-5.40295
-5.46221
-5.49429
-5.55465
-5.46368
-5.46517
-5.45085
-5.45236
-5.43686
-5.53331
-5.58887
-5.50968
-5.56489
-5.4264
-5.47598
-5.52927
-5.56432
-5.57619
-5.44193
-5.48878
-5.42578
-5.42194
-5.45417
-5.39423
-5.35291
-5.37991
-5.44677
-5.4374
-5.45853
-5.47671
-5.55635
-5.40611
-5.49329
-5.50525
-5.48757
-5.40967
-5.38196
-5.49697
-5.48887
-5.51649
-5.49373
-5.51387
-5.51014
-5.50041
-5.52188
-5.49499
-5.47638
-5.53617
-5.54648
-5.49847
-5.5183
-5.45885
-5.38978
-5.44441
-5.52117
-5.50593
-5.46072
-5.49121
-5.32162
-5.23086
-5.3853
-5.3725
-5.38181
-5.38202
-5.44884
-5.53843
-5.47481
-5.50915
-5.5329
-5.58155
-5.57394
-5.46788
-5.47781
-5.59185
-5.45262
-5.43341
-5.42183
-5.47313
-5.44786
-5.4948
-5.50894
-5.44447
-5.49587
-5.48479
-5.40872
-5.47428
-5.37528
-5.37499
-5.42322
-5.43797
-5.37239
-5.41072
-5.4138
-5.39155
-5.35529
-5.15917
-5.26039
-5.33083
-5.23693
-5.17849
-5.15165
-5.10806
-5.22217
-5.29167
-5.42155
-5.41005
-5.36013
-5.45357
-5.53145
-5.56282
-5.43722
-5.41351
-5.54079
-5.56108
-5.54884
-5.63265
-5.54469
-5.39763
-5.45512
-5.46265
-5.47337
-5.38674
-5.3108
-5.41935
-5.51642
-5.51025
-5.48568
-5.5681
-5.46788
-5.45738
-5.37984
-5.437
-5.47823
-5.50269
-5.42145
-5.44709
-5.47405
-5.41312
-5.31528
-5.35483
-5.39659
-5.50858
-5.54202
-5.48992
-5.55827
-5.46314
-5.47055
-5.39918
-5.4809
-5.525
-5.4778
-5.49129
-5.55148
-5.67964
-5.69938
-5.55821
-5.65469
-5.59112
-5.52207
-5.58057
-5.54262
-5.62065
-5.55451
-5.53613
-5.529
-5.47396
-5.46759
-5.51248
-5.50891
-5.36089
-5.36853
-5.40047
-5.40757
-5.39265
-5.37713
-5.36601
-5.30414
-5.30221
-5.37684
-5.46152
-5.47599
-5.51405
-5.44706
-5.54073
-5.55426
-5.48593
-5.47049
-5.44548
-5.38986
-5.49658
-5.4762
-5.44199
-5.39419
-5.39932
-5.43554
-5.43455
-5.42486
-5.49148
-5.57329
-5.51861
-5.64886
-5.59027
-5.53839
-5.46004
-5.50374
-5.53214
-5.38311
-5.47663
-5.58558
-5.49708
-5.39708
-5.46979
-5.47
-5.45526
-5.47275
-5.50549
-5.49304
-5.46789
-5.50365
-5.42775
-5.41712
-5.51759
-5.52272
-5.53404
-5.51084
-5.44558
-5.54683
-5.55296
-5.52764
-5.46248
-5.42456
-5.49422
-5.50124
-5.49267
-5.41152
-5.4463
-5.40214
-5.40613
-5.35654
-5.36004
-5.33605
-5.36403
-5.36387
-5.34838
-5.43405
-5.37484
-5.32029
-5.29816
-5.4314
-5.44224
-5.54106
-5.45682
-5.39301
-5.39592
-5.40479
-5.36112
-5.392
-5.42758
-5.44478
-5.42882
-5.48426
-5.37732
-5.48322
-5.40271
-5.38262
-5.40957
-5.28937
-5.52391
-5.46159
-5.48025
-5.43548
-5.43206
-5.52873
-5.5052
-5.50528
-5.51387
-5.42116
-5.47722
-5.46841
-5.51157
-5.48949
-5.37914
-5.41893
-5.47362
-5.45369
-5.55307
-5.48648
-5.61845
-5.62004
-5.55728
-5.4413
-5.46434
-5.46201
-5.49663
-5.46642
-5.55626
-5.41
-5.47356
-5.47735
-5.39563
-5.42127
-5.48459
-5.42243
-5.52564
-5.46536
-5.36533
-5.38257
-5.35078
-5.4685
-5.50413
-5.49539
-5.52132
-5.44684
-5.38315
-5.39182
-5.35135
-5.32633
-5.50087
-5.54359
-5.52636
-5.58501
-5.64582
-5.62106
-5.56607
-5.54816
-5.51351
-5.53765
-5.55885
-5.63159
-5.52542
-5.58894
-5.6081
-5.49918
-5.59696
-5.56123
-5.5836
-5.65247
-5.62384
-5.62698
-5.62766
-5.58444
-5.54915
-5.49893
-5.59964
-5.54917
-5.54886
-5.51799
-5.61066
-5.66031
-5.53671
-5.58478
-5.59384
-5.54995
-5.47848
-5.53133
-5.55956
-5.45856
-5.49591
-5.649
-5.60729
-5.559
-5.54082
-5.45237
-5.44633
-5.44141
-5.46574
-5.5231
-5.53415
-5.54196
-5.43792
-5.40725
-5.47306
-5.44551
-5.45774
-5.45299
-5.53179
-5.48835
-5.35448
-5.4576
-5.41739
-5.46523
-5.41843
-5.46954
-5.4876
-5.53851
-5.50808
-5.5626
-5.58681
-5.5813
-5.56837
-5.52308
-5.5147
-5.60101
-5.6315
-5.59088
-5.54518
-5.31944
-5.4881
-5.45029
-5.40433
-5.41314
-5.49835
-5.43013
-5.36299
-5.40541
-5.46135
-5.39876
-5.35728
-5.35632
-5.51587
-5.44378
-5.50655
-5.65161
-5.59709
-5.55923
-5.5032
-5.55691
-5.52139
-5.56034
-5.52018
-5.43403
-5.39961
-5.45039
-5.44777
-5.52957
-5.45313
-5.50459
-5.40983
-5.5021
-5.60367
-5.63014
-5.5283
-5.63907
-5.52944
-5.5204
-5.51067
-5.47278
-5.48128
-5.6198
-5.63975
-5.58191
-5.55614
-5.53223
-5.51246
-5.51148
-5.42795
-5.44928
-5.43551
-5.46911
-5.45948
-5.41174
-5.47987
-5.42493
-5.37304
-5.37405
-5.34142
-5.38737
-5.45339
-5.43522
-5.46547
-5.5327
-5.43785
-5.40878
-5.43208
-5.40611
-5.36589
-5.39206
-5.39283
-5.44934
-5.36754
-5.39946
-5.30336
-5.41199
-5.4546
-5.51271
-5.54971
-5.50167
-5.47937
-5.52058
-5.60559
-5.50607
-5.45639
-5.431
-5.46895
-5.52414
-5.52742
-5.5732
-5.60666
-5.39715
-5.31452
-5.34693
-5.43094
-5.47915
-5.46427
-5.44045
-5.42604
-5.40434
-5.42835
-5.39436
-5.33923
-5.26925
-5.26207
-5.37105
-5.45947
-5.35921
-5.35535
-5.45265
-5.4406
-5.37101
-5.48291
-5.35414
-5.45582
-5.54633
-5.54642
-5.5202
-5.48522
-5.50041
-5.50039
-5.50178
-5.4354
-5.51945
-5.38403
-5.38211
-5.28959
-5.32321
-5.33599
-5.35235
-5.39253
-5.42189
-5.45069
-5.48737
-5.49775
-5.43306
-5.45892
-5.56699
-5.54444
-5.59136
-5.52441
-5.52974
-5.47719
-5.5058
-5.45307
-5.48298
-5.55092
-5.4836
-5.46473
-5.46839
-5.56255
-5.54021
-5.55626
-5.58013
-5.45428
-5.46316
-5.56961
-5.50463
-5.36151
-5.32711
-5.36549
-5.30879
-5.3028
-5.2989
-5.35224
-5.44953
-5.45324
-5.39757
-5.42764
-5.45269
-5.4746
-5.52891
-5.48754
-5.47033
-5.47324
-5.53388
-5.53006
-5.50637
-5.48511
-5.53467
-5.65544
-5.51158
-5.57808
-5.55814
-5.48097
-5.42583
-5.46821
-5.56092
-5.57493
-5.59812
-5.55823
-5.55037
-5.53248
-5.54144
-5.6032
-5.46756
-5.46624
-5.5288
-5.60754
-5.50779
-5.55645
-5.53862
-5.48492
-5.47015
-5.43202
-5.36926
-5.3573
-5.29387
-5.16406
-5.22547
-5.34312
-5.42081
-5.45183
-5.36971
-5.49455
-5.52902
-5.52975
-5.54279
-5.52564
-5.48793
-5.48854
-5.44376
-5.48475
-5.54607
-5.50817
-5.49224
-5.50184
-5.47626
-5.39876
-5.44206
-5.39106
-5.43684
-5.50002
-5.45017
-5.46459
-5.4882
-5.53011
-5.50539
-5.58002
-5.54484
-5.55409
-5.53739
-5.52264
-5.48158
-5.43078
-5.38807
-5.32764
-5.30825
-5.37156
-5.43189
-5.34804
-5.38122
-5.43376
-5.39027
-5.40424
-5.33707
-5.39147
-5.38483
-5.38256
-5.4186
-5.37225
-5.36983
-5.42569
-5.41848
-5.35458
-5.40386
-5.42169
-5.34733
-5.31533
-5.26127
-5.33015
-5.40744
-5.46812
-5.35103
-5.32775
-5.42189
-5.49024
-5.40993
-5.38308
-5.34223
-5.40387
-5.3316
-5.26006
-5.32179
-5.43133
-5.38696
-5.38982
-5.30663
-5.42501
-5.33202
-5.40177
-5.34781
-5.40279
-5.45526
-5.5072
-5.45244
-5.47241
-5.43389
-5.40185
-5.4536
-5.37408
-5.30883
-5.26179
-5.23829
-5.31715
-5.34791
-5.30134
-5.30651
-5.33257
-5.44335
-5.38606
-5.38721
-5.4618
-5.49897
-5.3944
-5.37976
-5.35134
-5.37355
-5.40329
-5.25898
-5.16117
-5.18446
-5.18866
-5.23156
-5.1131
-5.2723
-5.25546
-5.22958
-5.1877
-5.19359
-5.23385
-5.18878
-5.23433
-5.23213
-5.17879
-5.26948
-5.31667
-5.32727
-5.27323
-5.3014
-5.34867
-5.43511
-5.46921
-5.52875
-5.45941
-5.463
-5.45829
-5.43235
-5.50263
-5.54283
-5.4413
-5.48767
-5.39519
-5.44046
-5.46534
-5.44314
-5.4961
-5.47637
-5.51913
-5.48551
-5.49799
-5.42168
-5.43846
-5.52458
-5.47001
-5.50861
-5.45471
-5.43507
-5.30859
-5.33127
-5.41856
-5.36323
-5.4207
-5.44277
-5.47622
-5.4756
-5.35589
-5.31369
-5.31662
-5.31858
-5.32141
-5.35843
-5.37044
-5.36111
-5.40092
-5.36384
-5.36454
-5.41362
-5.37687
-5.36376
-5.56258
-5.59422
-5.59913
-5.50298
-5.5355
-5.46722
-5.46786
-5.47533
-5.40337
-5.48657
-5.51706
-5.55372
-5.5712
-5.59582
-5.52562
-5.39761
-5.37732
-5.40306
-5.5709
-5.52297
-5.41252
-5.48128
-5.40547
-5.42358
-5.42779
-5.4489
-5.34186
-5.36233
-5.32414
-5.53903
-5.52797
-5.52607
-5.54048
-5.47829
-5.53469
-5.52655
-5.51501
-5.4995
-5.48611
-5.45943
-5.423
-5.46478
-5.42175
-5.49458
-5.59858
-5.57522
-5.57664
-5.52
-5.44171
-5.35739
-5.42248
-5.42372
-5.51572
-5.52325
-5.49137
-5.50794
-5.39208
-5.48903
-5.47398
-5.44926
-5.53521
-5.45313
-5.49228
-5.51352
-5.39871
-5.44525
-5.45664
-5.47863
-5.5709
-5.54081
-5.54176
-5.54226
-5.5595
-5.50226
-5.38518
-5.32692
-5.42262
-5.56602
-5.53435
-5.6163
-5.53141
-5.47608
-5.50055
-5.49003
-5.44017
-5.36336
-5.36622
-5.43296
-5.53419
-5.44675
-5.44461
-5.46832
-5.49556
-5.55154
-5.52644
-5.55607
-5.60061
-5.55406
-5.6356
-5.60044
-5.61071
-5.54935
-5.52855
-5.58516
-5.5516
-5.54749
-5.60764
-5.64459
-5.54519
-5.48256
-5.4878
-5.46872
-5.45588
-5.49993
-5.56281
-5.52743
-5.48826
-5.47156
-5.49654
-5.50105
-5.48242
-5.52189
-5.52663
-5.52043
-5.57478
-5.57891
-5.60526
-5.58912
-5.5725
-5.53109
-5.49
-5.51593
-5.51577
-5.55183
-5.50732
-5.52375
-5.49294
-5.55817
-5.59235
-5.5742
-5.62366
-5.6337
-5.59704
-5.59673
-5.44732
-5.48039
-5.45992
-5.52206
-5.42016
-5.28851
-5.21535
-5.29298
-5.28621
-5.36357
-5.36743
-5.30161
-5.32771
-5.35024
-5.40346
-5.35126
-5.44481
-5.38945
-5.3604
-5.37429
-5.38606
-5.4006
-5.4248
-5.56652
-5.58259
-5.5043
-5.45014
-5.41696
-5.44832
-5.43588
-5.47276
-5.40966
-5.40435
-5.37334
-5.21552
-5.1547
-5.20905
-5.28102
-5.3286
-5.37314
-5.38102
-5.41584
-5.45637
-5.40401
-5.46662
-5.45735
-5.42943
-5.51184
-5.39105
-5.43147
-5.48586
-5.49784
-5.48903
-5.52499
-5.42609
-5.42974
-5.49571
-5.47583
-5.40531
-5.43371
-5.4127
-5.42206
-5.40719
-5.4715
-5.42426
-5.43725
-5.5088
-5.49683
-5.45316
-5.47135
-5.42451
-5.42742
-5.29932
-5.3257
-5.39381
-5.36756
-5.40748
-5.32444
-5.38675
-5.41498
-5.45453
-5.48114
-5.45477
-5.34418
-5.30961
-5.37624
-5.35073
-5.43184
-5.48797
-5.51418
-5.51956
-5.41893
-5.4052
-5.43418
-5.51334
-5.49793
-5.44596
-5.4209
-5.40069
-5.44745
-5.53397
-5.60931
-5.59264
-5.51231
-5.4134
-5.38064
-5.31395
-5.27216
-5.31856
-5.34198
-5.34241
-5.44795
-5.46692
-5.48616
-5.43461
-5.36723
-5.41774
-5.43281
-5.54382
-5.63615
-5.48413
-5.50249
-5.44392
-5.50136
-5.48363
-5.39829
