           1   -0.461928   -0.461928           0
           2   -0.463488   -0.462708     0.00078
           3   -0.459432   -0.461616  0.00118121
           4   -0.460288   -0.461284 0.000898808
           5    -0.46296   -0.461619 0.000772705
           6   -0.463016   -0.461852 0.000672491
           7   -0.463824   -0.462134 0.000634346
           8   -0.464096   -0.462379 0.000601632
           9   -0.462968   -0.462444  0.00053461
          10   -0.465792   -0.462779 0.000583702
          11   -0.461104   -0.462627 0.000549503
          12     -0.4622   -0.462591 0.000502885
          13   -0.463344   -0.462649 0.000466196
          14   -0.459832   -0.462448 0.000476219
          15   -0.461856   -0.462409 0.000445089
          16      -0.462   -0.462383 0.000417125
          17    -0.45776   -0.462111 0.000476944
          18   -0.460488   -0.462021 0.000458618
          19    -0.46476   -0.462165 0.000457137
          20   -0.462696   -0.462192  0.00043449
          21   -0.462552   -0.462209 0.000413638
          22   -0.461072   -0.462157 0.000397759
          23     -0.4628   -0.462185 0.000381098
          24   -0.460328   -0.462108 0.000372988
          25   -0.462168    -0.46211 0.000357766
          26   -0.459544   -0.462011 0.000357619
          27   -0.462536   -0.462031 0.000344667
          28   -0.462272   -0.462039 0.000332241
          29   -0.461608   -0.462025 0.000320925
          30   -0.463824   -0.462085 0.000315792
          31   -0.462808   -0.462108 0.000306325
          32   -0.464368   -0.462179 0.000304892
          33   -0.460376   -0.462124 0.000300514
          34   -0.461224   -0.462097  0.00029274
          35   -0.463928    -0.46215 0.000289025
          36   -0.462008   -0.462146 0.000280909
          37   -0.460136   -0.462091 0.000278559
          38    -0.46612   -0.462197 0.000291119
          39   -0.460736    -0.46216 0.000286022
          40   -0.461616   -0.462146 0.000279111
          41   -0.462384   -0.462152  0.00027228
          42   -0.461344   -0.462133 0.000266414
          43   -0.461448   -0.462117 0.000260632
          44   -0.462208   -0.462119 0.000254648
          45    -0.46076   -0.462089  0.00025075
          46   -0.464944   -0.462151 0.000252971
          47   -0.459608   -0.462097 0.000253374
          48     -0.4622   -0.462099 0.000248049
          49    -0.46372   -0.462132 0.000245176
          50   -0.462984   -0.462149 0.000240826
          51   -0.460488   -0.462117 0.000238293
          52    -0.46232    -0.46212 0.000233698
          53   -0.461296   -0.462105 0.000229774
          54     -0.4634   -0.462129  0.00022675
          55   -0.463656   -0.462157 0.000224314
          56   -0.461632   -0.462147 0.000220472
          57   -0.465016   -0.462198  0.00022234
          58   -0.461344   -0.462183 0.000218968
          59   -0.463072   -0.462198 0.000215752
          60   -0.460136   -0.462164 0.000214891
          61   -0.460136    -0.46213 0.000213937
          62   -0.459128   -0.462082 0.000215957
          63   -0.462512   -0.462089 0.000212612
          64   -0.462776   -0.462099 0.000209538
          65    -0.46152   -0.462091 0.000206482
          66   -0.460408   -0.462065 0.000204922
          67   -0.462488   -0.462071 0.000201938
          68   -0.461504   -0.462063 0.000199122
          69   -0.463944    -0.46209 0.000198099
          70    -0.45952   -0.462054 0.000198671
          71   -0.462464   -0.462059 0.000195938
          72   -0.462776   -0.462069 0.000193454
          73   -0.462896   -0.462081 0.000191121
          74    -0.46348     -0.4621 0.000189467
          75   -0.458512   -0.462052 0.000192947
          76   -0.461408   -0.462043  0.00019058
          77   -0.459104   -0.462005 0.000191923
          78   -0.461376   -0.461997 0.000189618
          79   -0.462216      -0.462 0.000187223
          80   -0.460888   -0.461986 0.000185389
          81    -0.46064   -0.461969 0.000183839
          82   -0.462168   -0.461972 0.000181599
          83   -0.461912   -0.461971 0.000179399
          84   -0.464552   -0.462002 0.000179894
          85   -0.461536   -0.461996  0.00017785
          86   -0.462016   -0.461996  0.00017577
          87   -0.462656   -0.462004 0.000173903
          88   -0.464616   -0.462034 0.000174459
          89   -0.458928   -0.461999 0.000175982
          90    -0.46144   -0.461993 0.000174126
          91   -0.462168   -0.461995 0.000172213
          92   -0.463472   -0.462011 0.000171086
          93    -0.46268   -0.462018 0.000169389
          94   -0.460616   -0.462003  0.00016824
          95   -0.461224   -0.461995 0.000166661
          96      -0.464   -0.462016 0.000166234
          97   -0.462248   -0.462018 0.000164529
          98   -0.462304   -0.462021 0.000162867
          99   -0.461448   -0.462015 0.000161318
         100   -0.464328   -0.462038 0.000161362
