-8.46946
-8.33381
-8.20248
-8.14753
-8.08684
-7.95042
-7.89346
-7.83788
-7.83792
-7.80296
-7.82663
-7.83347
-7.75303
-7.69717
-7.65142
-7.69218
-7.64741
-7.56291
-7.56083
-7.55607
-7.56284
-7.53792
-7.58635
-7.62932
-7.61333
-7.46966
-7.56357
-7.54347
-7.52114
-7.48878
-7.53088
-7.5602
-7.54634
-7.59254
-7.62536
-7.60046
-7.44537
-7.42313
-7.40645
-7.33583
-7.26151
-7.29014
-7.41976
-7.34913
-7.31044
-7.24484
-7.34815
-7.48997
-7.53603
-7.56209
-7.57033
-7.53569
-7.56673
-7.58775
-7.53746
-7.49044
-7.46955
-7.52934
-7.563
-7.51446
-7.51711
-7.48776
-7.47566
-7.496
-7.51307
-7.47785
-7.48947
-7.46248
-7.45818
-7.4732
-7.38093
-7.33502
-7.40561
-7.4103
-7.33893
-7.33758
-7.36207
-7.40131
-7.37328
-7.34804
-7.37177
-7.36395
-7.41729
-7.45867
-7.45298
-7.58499
-7.59857
-7.60585
-7.51829
-7.53544
-7.50382
-7.48123
-7.5346
-7.48486
-7.44591
-7.43629
-7.49647
-7.4533
-7.4536
-7.44419
-7.37555
-7.40456
-7.43023
-7.46775
-7.50157
-7.51164
-7.55105
-7.46793
-7.44569
-7.49548
-7.56094
-7.57154
-7.58092
-7.5894
-7.55423
-7.6002
-7.56143
-7.56091
-7.55702
-7.52342
-7.55675
-7.49916
-7.60538
-7.63204
-7.55528
-7.59188
-7.61342
-7.59694
-7.5232
-7.53349
-7.49706
-7.53453
-7.50952
-7.49624
-7.39519
-7.51995
-7.53864
-7.60489
-7.53709
-7.55141
-7.54416
-7.57048
-7.55557
-7.51969
-7.50485
-7.53242
-7.49892
-7.57001
-7.50065
-7.47262
-7.39528
-7.38673
-7.34716
-7.4196
-7.42487
-7.48167
-7.49326
-7.55148
-7.52069
-7.48597
-7.50329
-7.45816
-7.48162
-7.49857
-7.5387
-7.55243
-7.52674
-7.54006
-7.58439
-7.57527
-7.53376
-7.52189
-7.46732
-7.33792
-7.42978
-7.49888
-7.58287
-7.54364
-7.58466
-7.58978
-7.59581
-7.50576
-7.49541
-7.51876
-7.48093
-7.45717
-7.4757
-7.40477
-7.49828
-7.5304
-7.42674
-7.59638
-7.57595
-7.49262
-7.48819
-7.48456
-7.47551
-7.48952
-7.58999
-7.59129
-7.60835
-7.5764
-7.46041
-7.49706
-7.47369
-7.50242
-7.51099
-7.51889
-7.4877
-7.41731
-7.43178
-7.51996
-7.56569
-7.58366
-7.65821
-7.65642
-7.6292
-7.61941
-7.65868
-7.54394
-7.58764
-7.57544
-7.64452
-7.50151
-7.45753
-7.47468
-7.443
-7.35137
-7.41299
-7.52613
-7.58829
-7.57204
-7.6069
-7.60135
-7.56161
-7.61046
-7.60949
-7.59042
-7.50455
-7.50617
-7.54182
-7.51676
-7.57236
-7.53456
-7.55052
-7.52582
-7.52925
-7.47593
-7.43514
-7.39351
-7.28493
-7.31776
-7.37665
-7.39934
-7.36471
-7.33896
-7.39418
-7.34711
-7.48224
-7.51485
-7.54527
-7.57818
-7.53465
-7.55191
-7.55921
-7.53519
-7.56102
-7.52014
-7.54401
-7.54284
-7.57539
-7.54162
-7.52823
-7.55595
-7.65602
-7.56175
-7.49023
-7.53287
-7.60741
-7.61167
-7.58227
-7.63234
-7.5117
-7.54192
-7.51874
-7.55174
-7.56057
-7.5256
-7.50017
-7.45187
-7.4807
-7.42853
-7.4207
-7.47452
-7.5238
-7.55599
-7.57309
-7.56948
-7.55632
-7.56779
-7.50106
-7.45381
-7.37819
-7.4607
-7.42302
-7.46882
-7.4771
-7.45971
-7.47996
-7.40083
-7.40618
-7.50435
-7.53149
-7.45995
-7.47341
-7.43347
-7.38632
-7.44947
-7.45633
-7.43229
-7.43133
-7.39802
-7.46384
-7.52287
-7.59502
-7.51097
-7.53751
-7.55138
-7.5494
-7.56478
-7.61386
-7.65236
-7.70886
-7.64518
-7.68808
-7.68202
-7.69586
-7.68196
-7.60986
-7.56705
-7.61186
-7.56022
-7.56894
-7.59857
-7.60821
-7.63568
-7.68912
-7.6237
-7.57285
-7.57569
-7.52854
-7.50965
-7.52675
-7.53128
-7.51625
-7.59467
-7.57543
-7.5697
-7.54125
-7.57054
-7.60617
-7.55106
-7.49117
-7.53629
-7.51624
-7.58451
-7.58246
-7.69565
-7.70129
-7.66254
-7.58051
-7.53172
-7.62807
-7.54266
-7.52824
-7.60148
-7.60085
-7.56387
-7.59033
-7.61392
-7.50608
-7.63774
-7.61855
-7.54264
-7.66319
-7.62648
-7.70544
-7.64364
-7.59828
-7.555
-7.53306
-7.67408
-7.6823
-7.7077
-7.6391
-7.62791
-7.61889
-7.64308
-7.65087
-7.64478
-7.7033
-7.72374
-7.64649
-7.62089
-7.57675
-7.56782
-7.55054
-7.58077
-7.58001
-7.5601
-7.53004
-7.56494
-7.5632
-7.612
-7.60003
-7.63148
-7.62773
-7.67625
-7.66479
-7.64001
-7.62757
-7.64005
-7.64753
-7.57293
-7.50022
-7.58783
-7.58321
-7.58441
-7.62894
-7.63577
-7.63771
-7.60853
-7.55241
-7.47518
-7.40944
-7.42527
-7.45056
-7.40846
-7.45543
-7.46279
-7.43757
-7.30799
-7.34306
-7.42941
-7.46047
-7.44163
-7.52226
-7.51198
-7.52285
-7.52316
-7.54666
-7.52133
-7.53194
-7.6074
-7.57076
-7.5307
-7.50099
-7.531
-7.52492
-7.52988
-7.52609
-7.57299
-7.53276
-7.55995
-7.53065
-7.5036
-7.49137
-7.57614
-7.65752
-7.63623
-7.57858
-7.61566
-7.63174
-7.64372
-7.47291
-7.43944
-7.54625
-7.53457
-7.56785
-7.58787
-7.49373
-7.54644
-7.66484
-7.62277
-7.6993
-7.71895
-7.74577
-7.77692
-7.6981
-7.78221
-7.7005
-7.70504
-7.68467
-7.64528
-7.70675
-7.7005
-7.72804
-7.74217
-7.72026
-7.70415
-7.6008
-7.58919
-7.59772
-7.57651
-7.58312
-7.57846
-7.61028
-7.5953
-7.53077
-7.54334
-7.59047
-7.55624
-7.55507
-7.57598
-7.57035
-7.51266
-7.61504
-7.61485
-7.61422
-7.55403
-7.59293
-7.5887
-7.55851
-7.49422
-7.49976
-7.45962
-7.42313
-7.4103
-7.39923
-7.35745
-7.42357
-7.51566
-7.4888
-7.55314
-7.64495
-7.57543
-7.48235
-7.535
-7.52928
-7.46593
-7.49384
-7.4479
-7.48751
-7.3902
-7.46958
-7.42996
-7.52725
-7.56639
-7.53378
-7.55026
-7.5559
-7.57331
-7.51513
-7.4906
-7.46841
-7.49868
-7.46933
-7.45136
-7.40558
-7.45763
-7.38771
-7.48451
-7.46989
-7.43497
-7.49491
-7.60034
-7.57411
-7.47473
-7.44563
-7.40431
-7.51348
-7.54644
-7.55611
-7.49831
-7.5287
-7.60079
-7.63475
-7.57151
-7.55087
-7.56252
-7.60829
-7.59726
-7.68635
-7.65759
-7.5958
-7.58847
-7.71967
-7.67768
-7.67915
-7.67483
-7.57698
-7.60966
-7.64019
-7.69499
-7.67272
-7.60722
-7.62162
-7.63993
-7.61693
-7.72702
-7.60981
-7.61567
-7.61999
-7.60877
-7.56925
-7.48813
-7.43969
-7.49882
-7.50898
-7.55612
-7.6202
-7.67472
-7.6575
-7.58635
-7.60184
-7.5533
-7.58323
-7.58647
-7.62329
-7.61578
-7.64718
-7.66369
-7.61677
-7.6277
-7.60386
-7.56031
-7.55957
-7.5476
-7.55372
-7.59888
-7.54587
-7.50374
-7.53151
-7.50245
-7.53676
-7.48163
-7.46458
-7.3926
-7.44698
-7.40082
-7.47349
-7.48314
-7.50752
-7.41699
-7.52977
-7.51487
-7.62744
-7.65972
-7.58816
-7.5341
-7.45125
-7.46724
-7.43851
-7.42436
-7.4761
-7.4665
-7.45319
-7.42712
-7.41288
-7.39515
-7.3459
-7.39439
-7.45461
-7.53216
-7.56376
-7.60344
-7.58083
-7.461
-7.48877
-7.66143
-7.70114
-7.716
-7.65362
-7.63405
-7.61083
-7.63767
-7.58715
-7.62181
-7.66316
-7.66587
-7.73515
-7.65095
-7.71519
-7.74357
-7.73797
-7.74788
-7.70906
-7.68714
-7.67798
-7.56572
-7.55351
-7.60383
-7.71011
-7.6587
-7.65737
-7.64699
-7.66576
-7.63852
-7.6288
-7.56645
-7.58488
-7.57743
-7.563
-7.56777
-7.58357
-7.62588
-7.60538
-7.60751
-7.57663
-7.6183
-7.63412
-7.65576
-7.61512
-7.55942
-7.53042
-7.46743
-7.46934
-7.47222
-7.48219
-7.39324
-7.36292
-7.43271
-7.45323
-7.55323
-7.61148
-7.62873
-7.58553
-7.56951
-7.65282
-7.59515
-7.58798
-7.55274
-7.4954
-7.42493
-7.42249
-7.42688
-7.46375
-7.39203
-7.38092
-7.39756
-7.4745
-7.4026
-7.49404
-7.61335
-7.52304
-7.56201
-7.55869
-7.50328
-7.58345
-7.59751
-7.6245
-7.61109
-7.56942
-7.51543
-7.59231
-7.63703
-7.5984
-7.64309
-7.61366
-7.61532
-7.61963
-7.65703
-7.6771
-7.61535
-7.53681
-7.65252
-7.67282
-7.65766
-7.62844
-7.55129
-7.55489
-7.64873
-7.74345
-7.81525
-7.71544
-7.72655
-7.74697
-7.74582
-7.73117
-7.7304
-7.70414
-7.65668
-7.67583
-7.6526
-7.61541
-7.556
-7.43179
-7.42594
-7.40053
-7.4435
-7.45197
-7.31401
-7.34442
-7.36304
-7.46118
-7.46411
-7.46714
-7.4916
-7.42899
-7.50191
-7.4739
-7.53961
-7.57605
-7.51082
-7.5835
-7.6214
-7.69089
-7.59928
-7.55431
-7.5582
-7.58884
-7.55721
-7.65467
-7.67053
-7.6283
-7.57943
-7.60395
-7.65655
-7.65112
-7.6782
-7.65979
-7.59708
-7.64226
-7.61321
-7.64001
-7.66866
-7.59754
-7.45828
-7.4945
-7.51711
-7.5654
-7.6337
-7.59296
-7.55522
-7.53999
-7.55449
-7.56463
-7.48678
-7.58154
-7.46219
-7.4156
-7.36053
-7.49027
-7.54969
-7.65835
-7.63381
-7.52539
-7.46508
-7.52557
-7.52696
-7.55631
-7.58286
-7.56544
-7.51461
-7.54363
-7.54725
-7.55181
-7.5461
-7.57643
-7.65236
-7.70895
-7.60674
-7.5697
-7.55759
-7.61913
-7.65858
-7.67557
-7.65424
-7.66613
-7.68841
-7.65294
-7.603
-7.63966
-7.67011
-7.67941
-7.61907
-7.61501
-7.56496
-7.51205
-7.52913
-7.51185
-7.52064
-7.57139
-7.63918
-7.67318
-7.61378
-7.69194
-7.68284
-7.58167
-7.57176
-7.57879
-7.47106
-7.44957
-7.5729
-7.53249
-7.59457
-7.5907
-7.53548
-7.66637
-7.72128
-7.62884
-7.6469
-7.63562
-7.63376
-7.63588
-7.69763
-7.65243
-7.63603
-7.70535
-7.65812
-7.68485
-7.66315
-7.57918
-7.60224
-7.59264
-7.61265
-7.64012
-7.70921
-7.67934
-7.63348
-7.68059
-7.6301
-7.6348
-7.63252
-7.58461
-7.63966
-7.57753
-7.57313
-7.52441
-7.53518
-7.4962
-7.44535
-7.57927
-7.61251
-7.55091
-7.48911
-7.52403
-7.48919
-7.54604
-7.55855
-7.52763
-7.49273
-7.55858
-7.56851
-7.58871
-7.54147
-7.48511
-7.48731
-7.51738
-7.5292
-7.54617
-7.54703
-7.59034
-7.53183
-7.56479
-7.59285
-7.50891
-7.53277
-7.51351
-7.43074
-7.41813
-7.50236
-7.49754
-7.48472
-7.49877
-7.4456
-7.46397
-7.46116
-7.51367
-7.48922
-7.48436
-7.50378
-7.44505
-7.40909
-7.41536
-7.41371
-7.37102
-7.30064
-7.38281
-7.44878
-7.38009
-7.36178
-7.40264
-7.42295
-7.38108
-7.42418
-7.45886
-7.49704
-7.5916
-7.55407
-7.51547
-7.44262
-7.43859
-7.48154
-7.5705
-7.46813
-7.51927
-7.59967
-7.55911
-7.49814
-7.50246
-7.53531
-7.51827
-7.55777
-7.5946
-7.6146
-7.53696
-7.55686
-7.63209
-7.63735
-7.67993
-7.7576
-7.72823
-7.71131
-7.6293
-7.60269
-7.62634
-7.66674
-7.54025
-7.48581
-7.45115
-7.4763
-7.44132
-7.43748
-7.40536
-7.42036
-7.43285
-7.45281
-7.45323
-7.49554
-7.51668
-7.55227
-7.55282
-7.57818
-7.60537
-7.60074
-7.61016
-7.62971
-7.6445
-7.76029
-7.80398
-7.67282
-7.73029
-7.64253
-7.60618
-7.59828
-7.59057
-7.56105
-7.57036
-7.55352
-7.5624
-7.53657
-7.61113
-7.54931
-7.57413
-7.62763
-7.60061
-7.61822
-7.56022
-7.58117
-7.53529
-7.45402
-7.48529
-7.4362
-7.45827
-7.49247
-7.55544
-7.56508
-7.5147
-7.48862
-7.41318
-7.5062
-7.57171
-7.62365
-7.58227
-7.57585
-7.58351
-7.59851
-7.67057
-7.62996
-7.53068
-7.56289
-7.58561
-7.54608
-7.63026
-7.64072
-7.52881
-7.47103
-7.51829
-7.52012
-7.5073
-7.47259
-7.51922
-7.52628
-7.51204
-7.43321
-7.43184
-7.39079
-7.38393
-7.43053
-7.51168
-7.56891
-7.44552
-7.38083
-7.40778
-7.47966
-7.46458
-7.53814
-7.44306
-7.48362
-7.48944
-7.4025
-7.47725
-7.57286
-7.4962
-7.52151
-7.53971
-7.51173
-7.54134
-7.51201
-7.54502
-7.50348
-7.54967
-7.57828
-7.44708
-7.48803
-7.59326
-7.64202
-7.5705
-7.56631
-7.58041
-7.58533
-7.56403
-7.58767
-7.61167
-7.56865
-7.5884
-7.55586
-7.59528
-7.5487
-7.40912
-7.4804
-7.48162
-7.43737
-7.54675
-7.5726
-7.46919
-7.45005
-7.44069
-7.47179
-7.52799
-7.55444
-7.59107
-7.5722
-7.55125
-7.48131
-7.49318
-7.473
-7.50176
-7.53414
-7.57964
-7.56178
-7.59973
-7.59314
-7.64263
-7.54938
-7.51265
-7.53986
-7.45697
-7.52214
-7.55118
-7.5392
-7.50128
-7.46967
-7.43784
-7.56086
-7.56707
-7.56816
-7.59375
-7.6268
-7.55492
-7.6513
-7.66527
-7.74976
-7.70732
-7.7053
-7.55412
-7.52057
-7.50734
-7.53956
-7.5797
-7.56402
-7.57194
-7.56416
-7.50508
-7.54469
-7.56866
-7.57575
-7.58512
-7.64539
-7.71031
-7.67312
-7.65791
-7.596
-7.55735
-7.57966
-7.57693
-7.5349
-7.55834
-7.5553
-7.60118
-7.62354
-7.60406
-7.64355
-7.64014
-7.68747
-7.65725
-7.56213
-7.52649
-7.54377
-7.58544
-7.67021
-7.63085
-7.64674
-7.57183
-7.51173
-7.54804
-7.59805
-7.64783
-7.68056
-7.65312
-7.69268
-7.63312
-7.67264
-7.64993
-7.64066
-7.63509
-7.6026
-7.59885
-7.55298
-7.54308
-7.54412
-7.53655
-7.51734
-7.5388
-7.44438
-7.46835
-7.5312
-7.53947
-7.57178
-7.50281
-7.40664
-7.43506
-7.48219
-7.46108
-7.42709
-7.49261
-7.46294
-7.44232
-7.48962
-7.45909
-7.47284
-7.44312
-7.47007
-7.47316
-7.47867
-7.55803
-7.62199
-7.66597
-7.63765
-7.69672
-7.62718
-7.62611
-7.57194
-7.57641
-7.51471
-7.57223
-7.54284
-7.54674
-7.54222
-7.56358
-7.61818
-7.62172
-7.6991
-7.67729
-7.74454
-7.74191
-7.7092
-7.67924
-7.75482
-7.73601
-7.71964
-7.72347
-7.64148
-7.59081
-7.62327
-7.67555
-7.69362
-7.64842
-7.68643
-7.70968
-7.68555
-7.68488
-7.57504
-7.61272
-7.63159
-7.60705
-7.62276
-7.62377
-7.59628
-7.6362
-7.60162
-7.57378
-7.56887
-7.55197
-7.53467
-7.50008
-7.48668
-7.58268
-7.50588
-7.51018
-7.66846
-7.59353
-7.55098
-7.5113
-7.50291
-7.53366
-7.52573
-7.55692
-7.62572
-7.60954
-7.63864
-7.64309
-7.635
-7.67474
-7.57336
-7.57431
-7.56534
-7.60978
-7.64009
-7.60759
-7.61813
-7.65174
-7.55381
-7.60026
-7.63113
-7.5864
-7.65849
-7.66845
-7.59658
-7.59111
-7.61159
-7.53047
-7.5208
-7.55074
-7.50227
-7.54371
-7.56228
-7.55824
-7.62041
-7.62153
-7.63694
-7.59926
-7.53221
-7.44693
-7.46498
-7.49981
-7.54613
-7.52628
-7.46946
-7.47729
-7.42211
-7.44279
-7.43798
-7.52022
-7.53151
-7.43093
-7.47509
-7.48032
-7.54784
-7.56767
-7.57805
-7.63208
-7.65703
-7.65746
-7.71242
-7.6634
-7.65306
-7.62083
-7.66064
-7.62315
-7.70968
-7.61116
-7.66938
-7.69099
-7.70269
-7.68699
-7.72453
-7.65423
-7.72957
-7.73641
-7.73758
-7.69161
-7.6905
-7.63886
-7.63111
-7.60511
-7.55439
-7.59009
-7.5688
-7.47114
-7.50435
-7.47545
-7.51119
-7.40938
-7.47982
-7.45618
-7.4673
-7.52049
-7.47572
-7.48017
-7.49704
-7.49936
-7.48816
-7.49504
-7.48479
-7.51236
-7.56881
-7.55605
-7.55484
-7.62849
-7.62044
-7.62469
-7.63557
-7.6915
-7.61758
-7.63295
-7.58132
-7.60189
-7.60726
-7.55008
-7.61254
-7.6203
-7.61615
-7.59807
-7.60243
-7.52961
-7.47664
-7.48435
-7.5382
-7.58152
-7.53737
-7.63599
-7.61694
-7.65704
-7.63765
-7.57252
-7.58042
-7.56274
-7.55183
-7.56846
-7.57799
-7.4981
-7.50031
-7.46231
-7.42875
-7.52926
-7.43844
-7.47834
-7.42829
-7.42616
-7.4631
-7.43689
-7.44921
-7.38411
-7.44209
-7.48164
-7.50389
-7.44211
-7.44546
-7.40401
-7.46096
-7.48327
-7.56689
-7.56769
-7.52472
-7.53241
-7.49092
-7.39632
-7.43111
-7.36987
-7.45112
-7.41903
-7.51136
-7.5393
-7.51414
-7.59147
-7.62307
-7.67055
-7.66343
-7.6103
-7.62014
-7.50702
-7.52006
-7.51568
-7.58466
-7.62549
-7.61371
-7.59394
-7.55436
-7.45207
-7.4736
-7.50793
-7.50917
-7.4333
-7.40313
-7.45668
-7.51476
-7.57157
-7.56786
-7.56969
-7.61481
-7.64763
-7.58384
-7.62063
-7.634
-7.65965
-7.62205
-7.59299
-7.54777
-7.51048
-7.47343
-7.52882
-7.59923
-7.5139
-7.5452
-7.44933
-7.53512
-7.46404
-7.39695
-7.49076
-7.48177
-7.46292
-7.50844
-7.50953
-7.42132
-7.46032
-7.47685
-7.499
-7.44473
-7.50907
-7.52505
-7.57366
-7.55409
-7.4929
-7.51871
-7.45538
-7.55775
-7.63489
-7.58627
-7.59411
-7.55505
-7.55834
-7.53845
-7.4905
-7.43892
-7.56855
-7.55609
-7.57588
-7.5505
-7.57924
-7.54793
-7.54272
-7.58429
-7.64421
-7.6319
-7.56181
-7.61518
-7.62361
-7.59265
-7.54278
-7.56945
-7.56822
-7.52449
-7.4569
-7.45886
-7.52387
-7.50027
-7.50245
-7.47227
-7.47715
-7.59544
-7.57724
-7.56307
-7.52837
-7.47285
-7.53428
-7.50882
-7.5681
-7.64855
-7.62819
-7.56882
-7.56025
-7.62387
-7.59754
-7.54993
-7.60734
-7.64868
-7.54854
-7.57197
-7.63489
-7.64101
-7.63367
-7.57728
-7.52379
-7.52939
-7.47258
-7.55104
-7.53695
-7.58427
-7.49222
-7.5062
-7.56116
-7.61668
-7.59254
-7.58821
-7.58016
-7.52598
-7.62295
-7.65719
-7.59603
-7.58688
-7.57054
-7.54016
-7.41034
-7.49912
-7.4214
-7.34903
-7.37496
-7.30481
-7.32262
-7.28229
-7.38363
-7.28992
-7.31482
-7.40254
-7.37509
-7.35663
-7.36733
-7.38112
-7.3953
-7.33586
-7.36213
-7.36397
-7.31378
-7.35543
-7.38232
-7.2857
-7.34242
-7.41146
-7.42081
-7.39885
-7.4127
-7.41404
-7.43161
-7.45821
-7.45952
-7.36598
-7.46555
-7.53015
-7.49543
-7.47285
-7.48183
-7.47385
-7.46504
-7.46316
-7.53983
-7.57675
-7.64429
-7.59333
-7.67263
-7.67485
-7.64038
-7.53623
-7.61203
-7.60745
-7.54184
-7.5718
-7.50832
-7.49815
-7.4881
-7.49177
-7.49882
-7.45106
-7.5576
-7.55186
-7.589
-7.49203
-7.50397
-7.47863
-7.46321
-7.4451
-7.469
-7.54236
-7.53293
-7.51266
-7.4953
-7.46414
-7.48816
-7.40327
-7.43858
-7.55446
-7.57919
-7.60274
-7.54492
-7.49892
-7.5164
-7.55868
-7.52326
-7.54337
-7.50862
-7.54127
-7.52967
-7.52782
-7.52291
-7.5504
-7.4931
-7.60215
-7.63388
-7.63474
-7.67243
-7.7169
-7.66184
-7.65346
-7.69859
-7.75011
-7.71791
-7.69778
-7.63046
-7.63299
-7.63971
-7.70249
-7.70909
-7.66855
-7.64281
-7.60516
-7.55305
-7.69071
-7.59473
-7.60746
-7.49131
-7.59363
-7.67095
-7.68062
-7.67623
-7.66805
-7.62819
-7.67724
-7.63129
-7.62159
-7.65702
-7.63409
-7.66312
-7.54091
-7.54614
-7.55435
-7.55746
-7.58184
-7.57438
-7.62027
-7.66512
-7.60878
-7.58828
-7.54979
-7.45109
-7.43766
-7.46774
-7.46904
-7.42395
-7.41534
-7.38261
-7.34891
-7.41951
-7.42967
-7.48772
-7.53581
-7.57012
-7.5966
-7.61266
-7.68538
-7.71685
-7.70832
-7.63339
-7.52097
-7.49747
-7.48708
-7.46355
-7.48444
-7.52935
-7.45619
-7.46212
-7.50287
-7.4806
-7.48113
-7.47361
-7.48196
-7.47902
-7.49571
-7.48215
-7.41206
-7.42311
-7.48877
-7.515
-7.44702
-7.45585
-7.4862
-7.40392
-7.3942
-7.44529
-7.54058
-7.57343
-7.63184
-7.57007
-7.46541
-7.52676
-7.48339
-7.53242
-7.58354
-7.55956
-7.62757
-7.6042
-7.65397
-7.67507
-7.67995
-7.6338
-7.67368
-7.6552
-7.63201
-7.62347
-7.58883
-7.52989
-7.57762
-7.62508
-7.65821
-7.61264
-7.55568
-7.56146
-7.5696
-7.54635
-7.46097
-7.5554
-7.54067
-7.4931
-7.5332
-7.54837
-7.5533
-7.58643
-7.49103
-7.49453
-7.48421
-7.57652
-7.61133
-7.52128
-7.53464
-7.53901
-7.59412
-7.64874
-7.59832
-7.63533
-7.67265
-7.69776
-7.60284
-7.60359
-7.63195
-7.57434
-7.47104
-7.49458
-7.52884
-7.59399
-7.57465
-7.60135
-7.55971
-7.60744
-7.60272
-7.61839
-7.68124
-7.76641
-7.73409
-7.71248
-7.64748
-7.6965
-7.70996
-7.62558
-7.56122
-7.55562
-7.53455
-7.58542
-7.59105
-7.58118
-7.57593
-7.5595
-7.54396
-7.54772
-7.57947
-7.50509
-7.49341
-7.48306
-7.50882
-7.56116
-7.62653
-7.61376
-7.61824
-7.61166
-7.62539
-7.59602
-7.57052
-7.62209
-7.57281
-7.5672
-7.54611
-7.48431
-7.58275
-7.61213
-7.48756
-7.44425
-7.47573
-7.42561
-7.44919
-7.44695
-7.44294
-7.4396
-7.4033
-7.45409
-7.51529
-7.49898
-7.5439
-7.44212
-7.49923
-7.50907
-7.52817
-7.56739
-7.5469
-7.54221
-7.52693
-7.53985
-7.50635
-7.5016
-7.5204
-7.67145
-7.56423
-7.51656
-7.44058
-7.48548
-7.47726
-7.44587
-7.42777
-7.43077
-7.39439
-7.43749
-7.45259
-7.38396
-7.45986
-7.41579
-7.39597
-7.41448
-7.50077
-7.44277
-7.43253
-7.43423
-7.5047
-7.47703
-7.53262
-7.55195
-7.54268
-7.54626
-7.4731
-7.46015
-7.45694
-7.43746
-7.46271
-7.45688
-7.39336
-7.37191
-7.42212
-7.41211
-7.41366
-7.42101
-7.48192
-7.54346
-7.49978
-7.53964
-7.47524
-7.58169
-7.6288
-7.59076
-7.62084
-7.64345
-7.63989
-7.61775
-7.5677
-7.53366
-7.55256
-7.56006
-7.5143
-7.54036
-7.56546
-7.57142
-7.58527
-7.58193
-7.61797
-7.65212
-7.61917
-7.59066
-7.58623
-7.57324
-7.45719
-7.54207
-7.56294
-7.65084
-7.61697
-7.60335
-7.59759
-7.55336
-7.57433
-7.49076
-7.48434
-7.43345
-7.45447
-7.51173
-7.52994
-7.5308
-7.5104
-7.5732
-7.53141
-7.59255
-7.70143
-7.72413
-7.67777
-7.65459
-7.6794
-7.70993
-7.72163
-7.70344
-7.56503
-7.56151
-7.51158
-7.52182
-7.54578
-7.51778
-7.53713
-7.53374
-7.55881
-7.50209
-7.50021
-7.47863
-7.50045
-7.53602
-7.47152
-7.54647
-7.55522
-7.47439
-7.5657
-7.56758
-7.58949
-7.55461
-7.54192
-7.54414
-7.56649
-7.59188
-7.60768
-7.63362
-7.58496
-7.51241
-7.43908
-7.47808
-7.52328
-7.50911
-7.52927
-7.56661
-7.52887
-7.54699
-7.57815
-7.59697
-7.54587
-7.61356
-7.52804
-7.60795
-7.54338
-7.57172
-7.59695
-7.51527
-7.49681
-7.47872
-7.57066
-7.57645
-7.53211
-7.49168
-7.61035
-7.64947
-7.57477
-7.4904
-7.44587
-7.5015
-7.50701
-7.58555
-7.59321
-7.57164
-7.58565
-7.5789
-7.63103
-7.66005
-7.53949
-7.53046
-7.57778
-7.48497
-7.43874
-7.45955
-7.4731
-7.43006
-7.40816
-7.38605
-7.4185
-7.40697
-7.48748
-7.51468
-7.55157
-7.44428
-7.43693
-7.41809
-7.44916
-7.41008
-7.36124
-7.52527
-7.52703
-7.55688
-7.53505
-7.56169
-7.55552
-7.60452
-7.59139
-7.61897
-7.56064
-7.6075
-7.53961
-7.61547
-7.54002
-7.61768
-7.66205
-7.64613
-7.70612
-7.67477
-7.6862
-7.6625
-7.66641
-7.65742
-7.62726
-7.6363
-7.60866
-7.66299
-7.63952
-7.63272
-7.65357
-7.70273
-7.61919
-7.5715
-7.61639
-7.63506
-7.61535
-7.55647
-7.61546
-7.5956
-7.61679
-7.58372
-7.53453
-7.5194
-7.47322
-7.48155
-7.51624
-7.50667
-7.54241
-7.49741
-7.53819
-7.51199
-7.58777
-7.52923
-7.44839
-7.55246
-7.59759
-7.4716
-7.47697
-7.39691
-7.41699
-7.45282
-7.51539
-7.45459
-7.50151
-7.43971
-7.5002
-7.5477
-7.60752
-7.59151
-7.67295
-7.66435
-7.63307
-7.6997
-7.55894
-7.60336
-7.69082
-7.65254
-7.64167
-7.6801
-7.68066
-7.66311
-7.57997
-7.59556
-7.62121
-7.68264
-7.62141
-7.50705
-7.46284
-7.44703
-7.5278
-7.53977
-7.56353
-7.55219
-7.53965
-7.49362
-7.55615
-7.53905
-7.55458
-7.56463
-7.59063
-7.59724
-7.61714
-7.57537
-7.57234
-7.43825
-7.42963
-7.44331
-7.46507
-7.45709
-7.50939
-7.54764
-7.59432
-7.5504
-7.68631
-7.67775
-7.65454
-7.65345
-7.6025
-7.60204
-7.57752
-7.65087
-7.64024
-7.6274
-7.61337
-7.59828
-7.584
-7.53505
-7.48692
-7.46628
-7.43672
-7.49621
-7.47474
-7.4362
-7.47502
-7.42553
-7.5159
-7.61723
-7.5593
-7.51034
-7.49146
-7.43255
-7.33169
-7.45727
-7.40108
-7.51695
-7.52708
-7.62502
-7.6277
-7.64252
-7.67563
-7.69766
-7.67433
-7.64307
-7.64155
-7.59897
-7.58007
-7.62505
-7.63798
-7.66429
-7.66144
-7.65696
-7.67721
-7.67925
-7.64118
-7.6667
-7.65648
-7.64912
-7.55358
-7.53715
-7.55523
-7.56967
-7.54619
-7.54471
-7.62267
-7.62798
-7.57297
-7.57051
-7.58679
-7.5082
-7.56401
-7.5775
-7.54755
-7.62332
-7.56348
-7.6335
-7.65485
-7.67034
-7.69641
-7.72668
-7.7241
-7.67493
-7.73905
-7.63624
-7.57693
-7.59102
-7.53794
-7.51507
-7.46112
-7.47477
-7.50992
-7.46773
-7.46528
-7.46723
-7.42373
-7.39905
-7.36549
-7.39316
-7.36665
-7.38598
-7.4301
-7.45253
-7.52224
-7.5014
-7.48367
-7.50485
-7.47872
-7.45838
-7.35989
-7.44634
-7.36813
-7.45101
-7.49355
-7.51297
-7.55398
-7.60386
-7.52997
-7.56047
-7.60242
-7.51815
-7.49494
-7.58983
-7.53099
-7.64547
-7.62477
-7.6339
-7.65524
-7.6668
-7.66828
-7.59321
-7.57411
-7.64006
-7.66611
-7.63801
-7.56367
-7.62498
-7.65734
-7.68185
-7.66989
-7.67142
-7.61753
-7.62597
-7.57238
-7.55857
-7.53787
-7.5725
-7.48498
-7.55496
-7.46281
-7.43589
-7.4374
-7.39695
-7.45551
-7.48144
-7.45499
-7.36288
-7.40792
-7.41535
-7.56635
-7.55462
-7.50538
-7.49263
-7.48774
-7.49044
-7.53309
-7.50783
-7.50301
-7.48573
-7.53573
-7.57119
-7.68964
-7.70942
-7.71852
-7.76485
-7.76692
-7.72766
-7.7074
-7.65094
-7.57431
-7.54813
-7.48187
-7.50658
-7.47135
-7.43252
-7.46385
-7.51165
-7.48849
-7.52172
-7.50723
-7.43501
-7.46579
-7.49815
-7.56177
-7.5476
-7.55641
-7.61515
-7.52929
-7.54707
-7.5792
-7.55936
-7.56253
-7.55674
-7.60098
-7.52812
-7.54948
-7.5244
-7.52081
-7.4878
-7.52342
-7.58845
-7.65721
-7.60973
-7.5538
-7.54247
-7.46519
-7.46752
-7.48044
-7.46233
-7.50449
-7.56267
-7.62829
-7.64588
-7.67292
-7.73426
-7.63223
-7.59081
-7.52374
-7.49063
-7.4842
-7.43948
-7.51532
-7.5324
-7.46159
-7.42603
-7.41254
-7.44533
-7.58183
-7.55177
-7.52901
-7.51624
-7.57041
-7.51693
-7.52723
-7.47146
-7.48434
-7.50023
-7.45989
-7.4366
-7.42793
-7.40878
-7.40383
-7.46369
-7.49389
-7.56619
-7.53579
-7.58379
-7.49916
-7.48435
-7.58763
-7.59528
-7.63666
-7.58938
-7.51539
-7.57686
-7.54396
-7.58528
-7.61151
-7.67605
-7.68874
-7.63868
-7.64237
-7.63002
-7.62331
-7.60823
-7.61662
-7.64941
-7.65645
-7.66526
-7.63983
-7.63034
-7.62859
-7.64563
-7.60004
-7.60969
-7.60404
-7.64981
-7.65644
-7.60527
-7.5648
-7.53624
-7.65001
-7.6201
-7.56374
-7.62247
-7.65905
-7.66296
-7.70255
-7.68611
-7.63371
-7.61051
-7.59034
-7.62739
-7.59411
-7.63353
-7.66462
-7.64933
-7.67697
-7.74082
-7.76353
-7.7066
-7.64718
-7.59783
-7.56874
-7.63495
-7.57772
-7.57381
-7.53587
-7.55911
-7.54808
-7.53493
-7.49088
-7.48182
-7.4267
-7.46821
-7.56805
-7.55906
-7.5799
-7.53975
-7.57471
-7.58878
-7.54655
-7.62564
-7.56725
-7.55519
-7.54068
-7.62425
-7.59054
-7.57019
-7.55498
-7.58982
-7.58583
-7.54107
-7.47351
-7.43413
-7.46043
-7.44569
-7.44631
-7.43154
-7.52282
-7.50671
-7.58243
-7.61923
-7.63073
-7.6811
-7.68495
-7.55091
-7.59356
-7.61778
-7.67234
-7.7011
-7.64553
-7.72843
-7.7065
-7.68364
-7.66529
-7.6133
-7.67588
-7.64493
-7.6984
-7.63115
-7.63351
-7.62891
-7.64441
-7.58723
-7.52791
-7.52583
-7.52253
-7.53318
-7.52797
-7.51938
-7.51694
-7.54261
-7.60641
-7.49733
-7.42159
-7.45706
-7.39553
-7.45252
-7.4216
-7.44069
-7.44234
-7.45769
-7.49267
-7.47066
-7.45459
-7.57148
-7.54533
-7.54473
-7.57464
-7.51759
-7.40266
-7.40379
-7.40476
-7.4236
-7.42781
-7.43375
-7.547
-7.57631
-7.51896
-7.52419
-7.60017
-7.59271
-7.6553
-7.63246
-7.64594
-7.70421
-7.65809
-7.69677
-7.72786
-7.70704
-7.63506
-7.62628
-7.66449
-7.64327
-7.63672
-7.7269
-7.82426
-7.7967
-7.83736
-7.82027
-7.71939
-7.74488
-7.73623
-7.69049
-7.73102
-7.74227
-7.78017
-7.71417
-7.70075
-7.67287
-7.6515
-7.6632
-7.62023
-7.71356
-7.66497
-7.66249
-7.68735
-7.68451
-7.64
-7.53804
-7.596
-7.627
-7.5336
-7.5167
-7.56018
-7.61339
-7.66084
-7.61135
-7.57156
-7.58555
-7.56912
-7.55988
-7.60013
-7.61682
-7.61465
-7.5322
-7.50056
-7.56085
-7.54619
-7.55104
-7.49023
-7.47171
-7.4333
-7.42954
-7.54465
-7.56289
-7.44112
-7.47024
-7.42833
-7.32972
-7.33253
-7.33899
-7.41046
-7.43639
-7.33666
-7.44292
-7.51078
-7.60357
-7.5641
-7.56055
-7.59695
-7.62459
-7.56544
-7.58159
-7.48598
-7.44348
-7.4388
-7.59416
-7.62612
-7.58173
-7.58006
-7.51796
-7.57172
-7.48012
-7.43317
-7.43999
-7.44778
-7.5162
-7.51436
-7.54867
-7.45819
-7.46939
-7.57507
-7.65037
-7.64851
-7.54705
-7.44396
-7.45978
-7.42478
-7.42441
-7.44391
-7.51326
-7.50786
-7.47909
-7.31072
-7.3594
-7.39989
-7.41893
-7.39827
-7.45898
-7.53118
-7.59143
-7.58501
-7.56563
-7.5475
-7.5583
-7.53067
-7.55169
-7.51788
-7.42883
-7.40748
-7.4354
-7.50321
-7.48079
-7.53445
-7.50043
-7.56465
-7.49922
-7.45003
-7.50938
-7.52413
-7.50833
-7.47075
-7.4499
-7.51592
-7.51333
-7.51617
-7.58172
-7.62462
-7.61184
-7.59897
-7.63026
-7.60603
-7.60756
-7.68966
-7.59121
-7.62556
-7.5464
-7.55743
-7.56069
-7.60985
-7.57362
-7.64328
-7.65897
-7.61803
-7.61612
-7.62245
-7.66409
-7.66108
-7.65204
-7.60286
-7.60897
-7.66063
-7.6731
-7.64163
-7.62004
-7.66535
-7.61848
-7.6118
-7.6532
-7.65836
-7.5625
-7.59515
-7.58335
-7.61865
-7.61363
-7.70301
-7.73401
-7.76699
-7.70299
-7.71616
-7.74091
-7.6915
-7.7209
-7.66262
-7.65254
-7.58829
-7.58169
-7.64082
-7.66929
-7.61199
-7.64961
-7.57801
-7.58823
-7.6726
-7.64961
-7.56943
-7.53629
-7.63509
-7.65773
-7.63755
-7.62153
-7.65087
-7.66681
-7.68265
-7.70325
-7.71671
-7.61392
-7.62476
-7.67826
-7.67089
-7.67855
-7.67671
-7.73353
-7.81616
-7.76287
-7.79932
-7.66679
-7.63998
-7.63358
-7.632
-7.66872
-7.67334
-7.60028
-7.59422
-7.64206
-7.59276
-7.54927
-7.61452
-7.6359
-7.55125
-7.55792
-7.53176
-7.54684
-7.48582
-7.47352
-7.46814
-7.50904
-7.47995
-7.5012
-7.47363
-7.47633
-7.49949
-7.54659
-7.48075
-7.31932
-7.3465
-7.38721
-7.51016
-7.51568
-7.53956
-7.57986
-7.63852
-7.70787
-7.64637
-7.72409
-7.66339
-7.61797
-7.6125
-7.60574
-7.50198
-7.5746
-7.50053
-7.5204
-7.5364
-7.4811
-7.47381
-7.45259
-7.40267
-7.40215
-7.36491
-7.46153
-7.51728
-7.45211
-7.4987
-7.41691
-7.43266
-7.42735
-7.47524
-7.5218
-7.48587
-7.5087
-7.46584
-7.49891
-7.43537
-7.46837
-7.55535
-7.59289
-7.61833
-7.62305
-7.56663
-7.59273
-7.59124
-7.61546
-7.5547
-7.57331
-7.52388
-7.59701
-7.59137
-7.59475
-7.58259
-7.51801
-7.58963
-7.54801
-7.57261
-7.64208
-7.64578
-7.62787
-7.58055
-7.57655
-7.50213
-7.45704
-7.44035
-7.42067
-7.47843
-7.50986
-7.51328
-7.58868
-7.64704
-7.6847
-7.62028
-7.61953
-7.60837
-7.57528
-7.57042
-7.62528
-7.60387
-7.56466
-7.57983
-7.59472
-7.59985
-7.60664
-7.63826
-7.64047
-7.64029
-7.66764
-7.64155
-7.60587
-7.59742
-7.60283
-7.61656
-7.66843
-7.73164
-7.6499
-7.57862
-7.58827
-7.57927
-7.57776
-7.54449
-7.5346
-7.48646
-7.58229
-7.58158
-7.6021
-7.57893
-7.53171
-7.51484
-7.50279
-7.48625
-7.48104
-7.42969
-7.54794
-7.59633
-7.63014
-7.65767
-7.66946
-7.66045
-7.58496
-7.49837
-7.5819
-7.59949
-7.55065
-7.54719
-7.52488
-7.59846
-7.57997
-7.57401
-7.65872
-7.65796
-7.6124
-7.64133
-7.62243
-7.63527
-7.6109
-7.6121
-7.67039
-7.66782
-7.51984
-7.56027
-7.59126
-7.63949
-7.59829
-7.63764
-7.56956
-7.54588
-7.58532
-7.52991
-7.58317
-7.58661
-7.55931
-7.6255
-7.52188
-7.52134
-7.52786
-7.56037
-7.65765
-7.65246
-7.64974
-7.67857
-7.65349
-7.63549
-7.64513
-7.5675
-7.53231
-7.51315
-7.56043
-7.55123
-7.61534
-7.63016
-7.62235
-7.61295
-7.49104
-7.60899
-7.5908
-7.60741
-7.60892
-7.52351
-7.52628
-7.56941
-7.56554
-7.64036
-7.53035
-7.51252
-7.5062
-7.4635
-7.40216
-7.53181
-7.46541
-7.51013
-7.53387
-7.54611
-7.55369
-7.53488
-7.54343
-7.50519
-7.45284
-7.43517
-7.54478
-7.57618
-7.55372
-7.54573
-7.57112
-7.4867
-7.47165
-7.41487
-7.38935
-7.49542
-7.46813
-7.48396
-7.47548
-7.46033
-7.57188
-7.56727
-7.60469
-7.58685
-7.57805
-7.60531
-7.67166
-7.66462
-7.62388
-7.56495
-7.534
-7.61187
-7.66344
-7.59924
-7.6301
-7.66944
-7.60399
-7.56012
-7.59687
-7.54631
-7.52426
-7.60901
-7.56615
-7.56545
-7.64154
-7.70133
-7.68459
-7.61578
-7.57444
-7.64503
-7.61491
-7.59986
-7.56861
-7.59212
-7.60569
-7.57498
-7.63244
-7.65192
-7.64159
-7.62758
-7.60829
-7.54051
-7.51437
-7.53729
-7.46795
-7.47739
-7.47012
-7.60227
-7.63213
-7.70635
-7.59004
-7.5919
-7.60178
-7.58359
-7.59867
-7.6156
-7.63535
-7.55982
-7.55165
-7.50979
-7.54239
-7.56064
-7.57257
-7.61642
-7.58388
-7.60323
-7.60933
-7.57346
-7.60035
-7.58936
-7.46188
-7.52085
-7.44998
-7.36536
-7.45222
-7.55298
-7.52007
-7.58151
-7.53621
-7.52391
-7.57417
-7.59072
-7.5248
-7.59203
-7.63255
-7.55535
-7.63156
-7.56327
-7.56184
-7.56754
-7.57202
-7.5618
-7.56989
-7.51026
-7.50469
-7.55024
-7.6416
-7.5933
-7.62376
-7.56196
-7.64003
-7.6554
-7.65305
-7.6764
-7.68298
-7.61663
-7.63388
-7.58846
-7.55171
-7.60496
-7.63314
-7.61663
-7.55631
-7.50128
-7.50465
-7.5127
-7.5697
-7.55527
-7.62413
-7.64874
-7.73436
-7.74319
-7.69237
-7.69123
-7.71741
-7.65527
-7.58268
-7.59108
-7.63134
-7.56943
-7.59223
-7.64971
-7.6405
-7.67222
-7.72939
-7.70751
-7.7132
-7.66699
-7.62403
-7.59717
-7.62712
-7.6391
-7.69811
-7.60553
-7.59693
-7.61982
-7.63004
-7.53737
-7.57535
-7.55804
-7.58963
-7.63573
-7.62256
-7.58595
-7.57501
-7.58526
-7.60263
-7.63612
-7.58581
-7.5858
-7.5825
-7.60277
-7.56467
-7.58442
-7.61027
-7.59119
-7.62117
-7.65638
-7.59489
-7.52948
-7.4109
-7.37877
-7.37804
-7.38986
-7.44308
-7.43376
-7.42278
-7.51212
-7.5745
-7.59647
-7.5604
-7.61837
-7.577
-7.44567
-7.52499
-7.53111
-7.5223
-7.5741
-7.56951
-7.55394
-7.38838
-7.47431
-7.49324
-7.54072
-7.51912
-7.55991
-7.58842
-7.62049
-7.59107
-7.66257
-7.65777
-7.63727
-7.57459
-7.58591
-7.67443
-7.73801
-7.67901
-7.63368
-7.58517
-7.55824
-7.54718
-7.56887
-7.57675
-7.5359
-7.56222
-7.60781
-7.65135
-7.52488
-7.48309
-7.42475
-7.48235
-7.46323
-7.46613
-7.44251
-7.48212
-7.4611
-7.49948
-7.47249
-7.4401
-7.54589
-7.48998
-7.5585
-7.51405
-7.5044
-7.52464
-7.5133
-7.53813
-7.55148
-7.6057
-7.61893
-7.48601
-7.59753
-7.58296
-7.57645
-7.63152
-7.6741
-7.68191
-7.60724
-7.64163
-7.59842
-7.66861
-7.6459
-7.72466
-7.70126
-7.68635
-7.68135
-7.64106
-7.63116
-7.67711
-7.55757
-7.6091
-7.44977
-7.40798
-7.34977
-7.49141
-7.55158
-7.59509
-7.68766
-7.72138
-7.66771
-7.55812
-7.54928
-7.50103
-7.58505
-7.59361
-7.55593
-7.59256
-7.61745
-7.61386
-7.62805
-7.61357
-7.63882
-7.63231
-7.5991
-7.65779
-7.64994
-7.5965
-7.57477
-7.62609
-7.56798
-7.66144
-7.64984
-7.6131
-7.60329
-7.71406
-7.61117
-7.60255
-7.60769
-7.60159
-7.58797
-7.58455
-7.52582
-7.52497
-7.53037
-7.46091
-7.53196
-7.57529
-7.69473
-7.65833
-7.60262
-7.60702
-7.57232
-7.56836
-7.4732
-7.51793
-7.56096
-7.41444
-7.4281
-7.37746
-7.46102
-7.4426
-7.44403
-7.47219
-7.51381
-7.49672
-7.52169
-7.43955
-7.4643
-7.47811
-7.5187
-7.4742
-7.5077
-7.48995
-7.50821
-7.51052
-7.50499
-7.50334
-7.56492
-7.50669
-7.45896
-7.46478
-7.40848
-7.44614
-7.40939
-7.36708
-7.42179
-7.42003
-7.37648
-7.46
-7.54818
-7.54776
-7.52513
-7.57348
-7.52037
-7.51966
-7.47858
-7.3965
-7.44933
-7.47505
-7.48684
-7.46002
-7.37117
-7.46797
-7.52652
-7.51369
-7.52281
-7.49999
-7.5076
-7.60381
-7.51348
-7.57613
-7.60093
-7.52362
-7.4329
-7.45483
-7.504
-7.45455
-7.44739
-7.44311
-7.49053
-7.47586
-7.48083
-7.49063
-7.40591
-7.4262
-7.39152
-7.33776
-7.40078
-7.40939
-7.39608
-7.41073
-7.43156
-7.52663
-7.49431
-7.43381
-7.51111
-7.47519
-7.54345
-7.53676
-7.51313
-7.55855
-7.59033
-7.58166
-7.53273
-7.45382
-7.48777
-7.49832
-7.37548
-7.41644
-7.46337
-7.48334
-7.45885
-7.48071
-7.45039
-7.52142
-7.4771
-7.55383
-7.55489
-7.52197
-7.49372
-7.46348
-7.53639
-7.54868
-7.55841
-7.62088
-7.5493
-7.60087
-7.47047
-7.46351
-7.43875
-7.47401
-7.51875
-7.52261
-7.52579
-7.52053
-7.4941
-7.55595
-7.53793
-7.60807
-7.64148
-7.56025
-7.6067
-7.57926
-7.50133
-7.4
-7.32025
-7.35707
-7.42651
-7.49828
-7.42232
-7.44861
-7.45713
-7.52854
-7.65514
-7.56779
-7.57845
-7.61551
-7.59261
-7.53671
-7.56708
-7.53689
-7.5868
-7.59743
-7.56769
-7.60775
-7.58498
-7.57654
-7.545
-7.58609
-7.5891
-7.58414
-7.69503
-7.6271
-7.66005
-7.5717
-7.53288
-7.65758
-7.64353
-7.60032
-7.71976
-7.69385
-7.77343
-7.86905
-7.8076
-7.81515
-7.76367
-7.82227
-7.89726
-7.9211
-7.83516
-7.84036
-7.72315
-7.74617
-7.77548
-7.74254
-7.70053
-7.6981
-7.70121
-7.67049
-7.63312
-7.64041
-7.67323
-7.66665
-7.71115
-7.68731
-7.64241
-7.67532
-7.72405
-7.71191
-7.68686
-7.57339
-7.56102
-7.54222
-7.55661
-7.5901
-7.5494
-7.52809
-7.49755
-7.56275
-7.52196
-7.48677
-7.5426
-7.60398
-7.5704
-7.47169
-7.53699
-7.55906
-7.61234
-7.65193
-7.60952
-7.56258
-7.54878
-7.54614
-7.5266
-7.50038
-7.49302
-7.41656
-7.39878
-7.46101
-7.47734
-7.51212
-7.52061
-7.47803
-7.49851
-7.50158
-7.53507
-7.49669
-7.45622
-7.45623
-7.49435
-7.48204
-7.4762
-7.5267
-7.52109
-7.46563
-7.51734
-7.49087
-7.50845
-7.53469
-7.56351
-7.65024
-7.5457
-7.56056
-7.63059
-7.55544
-7.58858
-7.71009
-7.72435
-7.65931
-7.60871
-7.61864
-7.55759
-7.51423
-7.48245
-7.49605
-7.54452
-7.52405
-7.59148
-7.65781
-7.6794
-7.71721
-7.68879
-7.61444
-7.66144
-7.71496
-7.71138
-7.71437
-7.72294
-7.73706
-7.69911
-7.6886
-7.73217
-7.72375
-7.7038
-7.71595
-7.66916
-7.68995
-7.63641
-7.63473
-7.5586
-7.64886
-7.6801
-7.65454
-7.69313
-7.67489
-7.58596
-7.6536
-7.63943
-7.55801
-7.54297
-7.43304
-7.46643
-7.47846
-7.53885
-7.5333
-7.55667
-7.58096
-7.66891
-7.67379
-7.64281
-7.71024
-7.70968
-7.6286
-7.66526
-7.54006
-7.46263
-7.48161
-7.56963
-7.5244
-7.52341
-7.54212
-7.52591
-7.44994
-7.53281
-7.50078
-7.54615
-7.52893
-7.50336
-7.56277
-7.64884
-7.63791
-7.58619
-7.58702
-7.56217
-7.61131
-7.60181
-7.65722
-7.60727
-7.60264
-7.59553
-7.58861
-7.61079
-7.55967
-7.57959
-7.51214
-7.41755
-7.46076
-7.4681
-7.50641
-7.45082
-7.4638
-7.56381
-7.5021
-7.39025
-7.46053
-7.51469
-7.56183
-7.53454
-7.59665
-7.61006
-7.67619
-7.74261
-7.747
-7.71514
-7.68399
-7.7355
-7.63737
-7.62467
-7.61837
-7.61675
-7.64317
-7.59223
-7.53004
-7.44981
-7.52323
-7.50785
-7.61169
-7.64648
-7.53888
-7.44518
-7.44633
-7.43326
-7.39332
-7.38638
-7.51599
-7.55091
-7.52425
-7.54491
-7.51756
-7.65269
-7.62156
-7.59502
-7.66878
-7.68812
-7.71812
-7.65244
-7.63559
-7.64133
-7.59004
-7.48479
-7.50323
-7.4202
-7.41745
-7.40784
-7.41666
-7.43505
-7.4252
-7.45677
-7.54496
-7.55775
-7.54021
-7.65814
-7.64819
-7.63254
-7.60321
-7.61876
-7.67758
-7.70763
-7.6874
-7.66122
-7.66136
-7.65289
-7.65827
-7.63289
-7.6387
-7.6564
-7.57246
-7.61606
-7.63523
-7.67211
-7.57364
-7.58698
-7.58555
-7.55796
-7.46249
-7.48111
-7.52229
-7.52018
-7.472
-7.4858
-7.60485
-7.67745
-7.7016
-7.62762
-7.62482
-7.58124
-7.68608
-7.69969
-7.66228
-7.62193
-7.62547
-7.57433
-7.53074
-7.47761
-7.45428
-7.49066
-7.55214
-7.48763
-7.54381
-7.60692
-7.57743
-7.54301
-7.59926
-7.51906
-7.57573
-7.51402
-7.55778
-7.65557
-7.69093
-7.72464
-7.74557
-7.71131
-7.73789
-7.71595
-7.60044
-7.64644
-7.68232
-7.67514
-7.56078
-7.48389
-7.49134
-7.41893
-7.49953
-7.48379
-7.52527
-7.55799
-7.55988
-7.57177
-7.57112
-7.6454
-7.57356
-7.4363
-7.44759
-7.47357
-7.50535
-7.51866
-7.47419
-7.44113
-7.53151
-7.54329
-7.53705
-7.5101
-7.34966
-7.36709
-7.453
-7.49793
-7.4101
-7.38012
-7.37841
-7.38593
-7.35802
-7.33383
-7.36359
-7.39482
-7.39992
-7.261
-7.25107
-7.38614
-7.34544
-7.34822
-7.36971
-7.45748
-7.49992
-7.52226
-7.46987
-7.45929
-7.52037
-7.57726
-7.5962
-7.53216
-7.54571
-7.57592
-7.6152
-7.62625
-7.61747
-7.6316
-7.57475
-7.58383
-7.58038
-7.53973
-7.54763
-7.53094
-7.48009
-7.46485
-7.49934
-7.52475
-7.49281
-7.55128
-7.55042
-7.50916
-7.58197
-7.57047
-7.54073
-7.61072
-7.47038
-7.52049
-7.61662
-7.53801
-7.59801
-7.6301
-7.57425
-7.59307
-7.55072
-7.53249
-7.51587
-7.46417
-7.42025
-7.44643
-7.42
-7.42091
-7.50238
-7.48518
-7.50873
-7.52266
-7.57697
-7.52755
-7.55169
-7.42008
-7.48143
-7.42686
-7.434
-7.45302
-7.50059
-7.48855
-7.54285
-7.57674
-7.59144
-7.65009
-7.66539
-7.65798
-7.65434
-7.75258
-7.71135
-7.73241
-7.63377
-7.56551
-7.57153
-7.52961
-7.47829
-7.45996
-7.47969
-7.4926
-7.47349
-7.4783
-7.46187
-7.43633
-7.49397
-7.5318
-7.48754
-7.53609
-7.49704
-7.43352
-7.43148
-7.39693
-7.37888
-7.35743
-7.4757
-7.44755
-7.49999
-7.5099
-7.53493
-7.56415
-7.52252
-7.51568
-7.5629
-7.53155
-7.56044
-7.62753
-7.63008
-7.54338
-7.64859
-7.59568
-7.58036
-7.66298
-7.59774
-7.59006
-7.54617
-7.56391
-7.59853
-7.59425
-7.59772
-7.60193
-7.58944
-7.59292
-7.54615
-7.49065
-7.54394
-7.50318
-7.53143
-7.60028
-7.62624
-7.53996
-7.50256
-7.45059
-7.43822
-7.45815
-7.39508
-7.47963
-7.46105
-7.44482
-7.44039
-7.51508
-7.46136
-7.52587
-7.46081
-7.40393
-7.50454
-7.48581
-7.47838
-7.43598
-7.51941
-7.55524
-7.64001
-7.6048
-7.54157
-7.57727
-7.54824
-7.59011
-7.64469
-7.61953
-7.65138
-7.58745
-7.63453
-7.63151
-7.53523
-7.51008
-7.55335
-7.46718
-7.56723
-7.59598
-7.5667
-7.57013
-7.55271
-7.5034
-7.45719
-7.34001
-7.38679
-7.34891
-7.43554
-7.43825
-7.47876
-7.55963
-7.5207
-7.57996
-7.63677
-7.5964
-7.65692
-7.54399
-7.56194
-7.54459
-7.5285
-7.6223
-7.5419
-7.50356
-7.52426
-7.49737
-7.54821
-7.50611
-7.49337
-7.54692
-7.5657
-7.57219
-7.61627
-7.57342
-7.55824
-7.55257
-7.62132
-7.59718
-7.6731
-7.69234
-7.73655
-7.72736
-7.72457
-7.71366
-7.66007
-7.6663
-7.70973
-7.64271
-7.67035
-7.67517
-7.67506
-7.59781
-7.60549
-7.5916
-7.54384
-7.5276
-7.62191
-7.57113
-7.55313
-7.51625
-7.46301
-7.42678
-7.36411
-7.39498
-7.42482
-7.55592
-7.59195
-7.6052
-7.59422
-7.6071
-7.57595
-7.56911
-7.61637
-7.62965
-7.6492
-7.6211
-7.65817
-7.71576
-7.68245
-7.64797
-7.62481
-7.67521
-7.72549
-7.70026
-7.71523
-7.75306
-7.6928
-7.67265
-7.71374
-7.60623
-7.65452
-7.61556
-7.55472
-7.62811
-7.63342
-7.63287
-7.63646
-7.65494
-7.72182
-7.61562
-7.6
-7.59554
-7.65486
-7.61256
-7.68851
-7.67152
-7.62242
-7.67981
-7.59242
-7.57986
-7.5494
-7.57123
-7.55332
-7.5218
-7.44707
-7.55191
-7.50716
-7.53075
-7.58052
-7.60659
-7.57753
-7.62596
-7.60786
-7.68081
-7.6309
-7.60719
-7.66896
-7.63662
-7.64897
-7.54368
-7.56211
-7.57343
-7.64529
-7.61628
-7.62467
-7.63205
-7.58197
-7.4996
-7.49439
-7.61322
-7.69197
-7.64201
-7.64344
-7.70093
-7.6871
-7.58658
-7.55314
-7.58334
-7.61443
-7.61709
-7.56763
-7.5354
-7.48298
-7.50648
-7.49099
-7.5067
-7.47527
-7.48254
-7.48552
-7.4915
-7.58053
-7.67028
-7.69563
-7.64924
-7.67731
-7.58081
-7.6732
-7.62163
-7.61999
-7.56323
-7.59411
-7.62628
-7.64143
-7.61336
-7.5894
-7.5588
-7.57853
-7.60098
-7.57222
-7.61219
-7.56763
-7.60056
-7.50697
-7.40929
-7.54387
-7.4439
-7.43507
-7.37715
-7.39695
-7.40553
-7.4664
-7.47837
-7.51347
-7.49393
-7.55226
-7.51716
-7.4654
-7.48381
-7.49198
-7.47421
-7.44861
-7.39464
-7.36169
-7.42357
-7.41845
-7.37664
-7.43379
-7.46034
-7.47009
-7.43293
-7.41337
-7.53274
-7.4993
-7.49167
-7.48868
-7.53283
-7.51537
-7.50538
-7.46323
-7.5133
-7.59444
-7.54546
-7.63812
-7.56501
-7.53156
-7.47828
-7.49011
-7.51276
-7.55155
-7.47749
-7.55216
-7.54836
-7.56617
-7.52528
-7.56182
-7.52344
-7.55884
-7.50476
-7.55086
-7.52949
-7.61745
-7.55218
-7.55085
-7.57915
-7.44754
-7.56294
-7.61344
-7.57989
-7.57393
-7.49229
-7.55379
-7.49671
-7.43948
-7.43798
-7.48876
-7.55675
-7.60243
-7.60634
-7.55114
-7.57025
-7.51363
-7.54079
-7.59191
-7.58664
-7.58465
-7.56484
-7.60519
-7.64204
-7.6289
-7.63994
-7.61442
-7.6208
-7.56742
-7.52517
-7.50253
-7.54671
-7.46013
-7.40581
-7.57248
-7.66343
-7.65913
-7.65595
-7.62268
-7.62569
-7.60506
-7.60271
-7.56088
-7.58685
-7.55519
-7.50479
-7.56019
-7.6144
-7.58369
-7.60239
-7.58017
-7.59717
-7.52273
-7.5182
-7.5533
-7.62846
-7.57973
-7.65984
-7.61218
-7.67671
-7.66584
-7.65287
-7.58261
-7.62498
-7.58287
-7.58681
-7.61304
-7.58891
-7.44635
-7.50519
-7.57324
-7.59203
-7.64987
-7.72248
-7.68922
-7.68015
-7.58208
-7.57765
-7.57036
-7.5609
-7.51129
-7.56399
-7.53891
-7.55724
-7.55077
-7.51612
-7.53583
-7.50315
-7.48339
-7.46573
-7.54698
-7.52236
-7.60367
-7.55028
-7.54955
-7.50939
-7.48542
-7.52473
-7.52578
-7.53899
-7.58088
-7.58704
-7.63506
-7.60916
-7.50911
-7.47442
-7.54309
-7.53437
-7.51687
-7.56684
-7.57108
-7.56765
-7.67017
-7.53525
-7.49305
-7.54003
-7.50554
-7.59643
-7.64856
-7.64017
-7.58296
-7.61469
-7.61411
-7.58872
-7.67826
-7.68513
-7.67134
-7.54926
-7.53485
-7.58505
-7.53472
-7.61599
-7.60848
-7.68939
-7.63072
-7.65578
-7.7254
-7.70602
-7.70067
-7.64791
-7.70428
-7.68686
-7.69721
-7.69708
-7.63094
-7.6103
-7.60716
-7.68538
-7.67406
-7.54256
-7.50211
-7.57806
-7.58031
-7.65288
-7.62217
-7.55119
-7.54016
-7.58369
-7.6375
-7.62832
-7.61542
-7.56094
-7.64596
-7.60057
-7.5981
-7.61755
-7.67513
-7.71013
-7.64245
-7.6721
-7.68901
-7.73481
-7.66345
-7.59229
-7.6518
-7.64613
-7.62107
-7.68146
-7.63068
-7.68673
-7.7405
-7.68618
-7.60327
-7.59013
-7.63831
-7.58954
-7.49102
-7.46737
-7.45366
-7.56797
-7.61219
-7.617
-7.67058
-7.60661
-7.51661
-7.50986
-7.51921
-7.54887
-7.52234
-7.51433
-7.47085
-7.50015
-7.46298
-7.49787
-7.57862
-7.57425
-7.51376
-7.48402
-7.5032
-7.48895
-7.48424
-7.51047
-7.55105
-7.58165
-7.539
-7.52996
-7.4977
-7.52803
-7.56698
-7.55647
-7.56385
-7.53192
-7.51435
-7.49361
-7.45327
-7.47518
-7.45502
-7.38186
-7.38266
-7.44495
-7.50358
-7.49255
-7.58602
-7.52451
-7.61376
-7.56323
-7.52647
-7.53639
-7.41649
-7.50708
-7.46841
-7.42256
-7.52355
-7.5254
-7.48769
-7.51119
-7.62022
-7.63276
-7.61185
-7.55738
-7.56836
-7.56574
-7.59691
-7.54431
-7.57839
-7.47329
-7.50724
-7.6092
-7.61104
-7.70246
-7.7089
-7.71185
-7.67699
-7.66457
-7.68496
-7.72996
-7.64604
-7.62762
-7.52985
-7.5378
-7.56702
-7.53078
-7.5147
-7.42037
-7.42434
-7.40284
-7.43725
-7.38432
-7.45232
-7.55454
-7.49748
-7.53366
-7.57796
-7.59676
-7.58213
-7.54563
-7.49618
-7.54678
-7.49652
-7.50631
-7.46607
-7.46681
-7.64473
-7.62234
-7.63814
-7.66139
-7.57665
-7.61321
-7.60036
-7.54424
-7.64113
-7.66935
-7.61453
-7.64105
-7.70834
-7.68524
-7.61927
-7.62375
-7.60227
-7.57355
-7.52471
-7.55985
-7.55208
-7.528
-7.49038
-7.5147
-7.60754
-7.63978
-7.58835
-7.51005
-7.61391
-7.57305
-7.59852
-7.55718
-7.5366
-7.57472
-7.55063
-7.47779
-7.64277
-7.65713
-7.61803
-7.57961
-7.65497
-7.59544
-7.7291
-7.6958
-7.76004
-7.77778
-7.76237
-7.77198
-7.79907
-7.74683
-7.76586
-7.76515
-7.7092
-7.67563
-7.64853
-7.63373
-7.59918
-7.61236
-7.59275
-7.5528
-7.54826
-7.49038
-7.50436
-7.52622
-7.57941
-7.57246
-7.55857
-7.53816
-7.5342
-7.51082
-7.49907
-7.47355
-7.53419
-7.52903
-7.54547
-7.56935
-7.57928
-7.59646
-7.57309
-7.50477
-7.55511
-7.5634
-7.46375
-7.5174
-7.53859
-7.45009
-7.41572
-7.36072
-7.38754
-7.50523
-7.63146
-7.58983
-7.5786
-7.6162
-7.60436
-7.63083
-7.5601
-7.56666
-7.56693
-7.55565
-7.56473
-7.65044
-7.60887
-7.54154
-7.54261
-7.53502
-7.51468
-7.53287
-7.47911
-7.51677
-7.5676
-7.58307
-7.51667
-7.58135
-7.50997
-7.51739
-7.43768
-7.46693
-7.55492
-7.54023
-7.52214
-7.56645
-7.52599
-7.50937
-7.53177
-7.53513
-7.49071
-7.48254
-7.43591
-7.47789
-7.41489
-7.49266
-7.51169
-7.4447
-7.43927
-7.50655
-7.45906
-7.537
-7.52034
-7.5278
-7.46312
-7.48655
-7.50291
-7.49043
-7.52165
-7.59143
-7.51426
-7.51225
-7.42021
-7.43686
-7.40281
-7.47015
-7.46841
-7.53148
-7.46703
-7.55318
-7.52865
-7.48653
-7.38154
-7.46007
-7.53428
-7.58467
-7.52653
-7.46952
-7.48356
-7.46434
-7.4584
-7.46792
-7.50069
-7.51474
-7.50505
-7.4608
-7.51205
-7.53796
-7.53232
-7.54429
-7.55843
-7.55329
-7.53604
-7.51016
-7.50371
-7.50905
-7.41683
-7.4193
-7.4239
-7.4572
-7.53492
-7.58368
-7.56846
-7.47941
-7.52873
-7.52311
-7.56991
-7.59878
-7.55616
-7.48805
-7.47571
-7.51911
-7.46248
-7.46653
-7.46373
-7.46608
-7.43897
-7.45418
-7.49793
-7.50307
-7.52118
-7.61088
-7.60464
-7.57606
-7.52949
-7.5267
-7.55576
-7.4821
-7.50928
-7.55304
-7.59109
-7.54697
-7.52145
-7.56394
-7.5781
-7.55621
-7.51047
-7.49242
-7.56766
-7.6293
-7.60099
-7.52772
-7.4459
-7.47426
-7.43028
-7.47594
-7.48156
-7.41683
-7.41538
-7.4749
-7.53231
-7.4777
-7.46253
-7.42461
-7.38794
-7.41286
-7.45872
-7.41649
-7.44949
-7.4298
-7.40307
-7.37624
-7.36615
-7.39642
-7.50994
-7.52429
-7.548
-7.55782
-7.56734
-7.60852
-7.56607
-7.55763
-7.49184
-7.50996
-7.50739
-7.53155
-7.53767
-7.56483
-7.60793
-7.60983
-7.61868
-7.62255
-7.62689
-7.55955
-7.55245
-7.53899
-7.50556
-7.59018
-7.53074
-7.52746
-7.51161
-7.5327
-7.4697
-7.51212
-7.45155
-7.44805
-7.4232
-7.4605
-7.47414
-7.40007
-7.35864
-7.38885
-7.40234
-7.44201
-7.50845
-7.53396
-7.49084
-7.57442
-7.52399
-7.58121
-7.55043
-7.56173
-7.46457
-7.43597
-7.3956
-7.38416
-7.37944
-7.32629
-7.40978
-7.47323
-7.50999
-7.50634
-7.56238
-7.53358
-7.59496
-7.5232
-7.56624
-7.50784
-7.5617
-7.617
-7.62234
-7.62536
-7.58857
-7.54084
-7.54426
-7.62935
-7.62586
-7.5715
-7.63493
-7.64318
-7.57911
-7.50236
-7.56688
-7.54967
-7.61185
-7.56074
-7.60761
-7.49805
-7.48296
-7.41728
-7.5358
-7.51544
-7.53797
-7.47463
-7.49375
-7.44159
-7.39014
-7.47388
-7.52629
-7.52366
-7.52909
-7.58197
-7.66472
-7.56473
-7.61732
-7.58411
-7.58018
-7.5926
-7.62053
-7.69418
-7.66195
-7.65117
-7.67032
-7.77194
-7.73264
-7.65471
-7.56157
-7.50462
-7.47606
-7.50599
-7.41028
-7.39765
-7.49153
-7.50222
-7.48531
-7.46877
-7.46792
-7.47527
-7.48625
-7.42975
-7.40064
-7.41078
-7.4289
-7.40684
-7.46038
-7.39606
-7.43648
-7.46281
-7.50291
-7.50813
-7.51862
-7.44886
-7.4177
-7.3935
-7.4544
-7.42299
-7.48816
-7.56173
-7.57242
-7.49008
-7.54049
-7.58186
-7.55026
-7.51104
-7.53611
-7.52668
-7.4437
-7.459
-7.53766
-7.56029
-7.55675
-7.61585
-7.65703
-7.69197
-7.64226
-7.69479
-7.68347
-7.63682
-7.68436
-7.63601
-7.65021
-7.61843
-7.62298
-7.57515
-7.54962
-7.51225
-7.53632
-7.6276
-7.62088
-7.63547
-7.6519
-7.66045
-7.59486
-7.54054
-7.46931
-7.4335
-7.41051
-7.48312
-7.46067
-7.46449
-7.3804
-7.32464
-7.37471
-7.38302
-7.44667
-7.47119
-7.47213
-7.48682
-7.45715
-7.45277
-7.47712
-7.4865
-7.53554
-7.53266
-7.45851
-7.44302
-7.43268
-7.44829
-7.45317
-7.56513
-7.54652
-7.46825
-7.44203
-7.33057
-7.32184
-7.35602
-7.41919
-7.40617
-7.51819
-7.48696
-7.51949
-7.47461
-7.42006
-7.44667
-7.36883
-7.40169
-7.38944
-7.41205
-7.46086
-7.46529
-7.56007
-7.50934
-7.46869
-7.44926
-7.382
-7.44689
-7.43848
-7.37021
-7.42386
-7.45927
-7.44985
-7.45712
-7.39817
-7.45671
-7.40732
-7.38241
-7.42536
-7.45837
-7.49122
-7.50218
-7.5808
-7.50545
-7.55668
-7.5833
-7.55287
-7.44589
-7.45383
-7.53135
-7.60884
-7.58709
-7.521
-7.45804
-7.43302
-7.45922
-7.47865
-7.50785
-7.43026
-7.44681
-7.46707
-7.46551
-7.46268
-7.46196
-7.50666
-7.48359
-7.481
-7.44253
-7.56343
-7.59518
-7.57312
-7.45667
-7.4257
-7.45302
-7.53249
-7.56769
-7.57525
-7.66383
-7.61413
-7.67545
-7.63796
-7.65164
-7.61625
-7.60621
-7.5937
-7.59982
-7.65641
-7.65457
-7.571
-7.62917
-7.64792
-7.7165
-7.61323
-7.62831
-7.62239
-7.6213
-7.59751
-7.6488
-7.60059
-7.56884
-7.54833
-7.51174
-7.52294
-7.53967
-7.53848
-7.4621
-7.47758
-7.38386
-7.44958
-7.45439
-7.45724
-7.36194
-7.44025
-7.49206
-7.46436
-7.40814
-7.37012
-7.35336
-7.42426
-7.45676
-7.441
-7.49939
-7.56296
-7.50804
-7.52027
-7.52545
-7.49361
-7.50831
-7.50789
-7.52158
-7.5063
-7.43217
-7.5005
-7.47475
-7.49613
-7.48827
-7.46958
-7.47691
-7.47979
-7.4757
-7.44583
-7.50023
-7.56446
-7.61736
-7.65041
-7.69217
-7.64984
-7.57373
-7.60088
-7.60983
-7.5603
-7.63618
-7.60185
-7.60806
-7.58222
-7.61015
-7.63042
-7.55195
-7.47903
-7.42801
-7.5482
-7.58439
-7.5286
-7.52136
-7.51598
-7.45584
-7.48294
-7.507
-7.52627
-7.55875
-7.51126
-7.47698
-7.40633
-7.45868
-7.43537
-7.47666
-7.42599
-7.46586
-7.45571
-7.46265
-7.49575
-7.50835
-7.50615
-7.51372
-7.51737
-7.44832
-7.55823
-7.54759
-7.48737
-7.50682
-7.50417
-7.49409
-7.57642
-7.63775
-7.63013
-7.6233
-7.66093
-7.68966
-7.60402
-7.60524
-7.63172
-7.51496
-7.5365
-7.597
-7.60215
-7.5515
-7.63725
-7.57294
-7.52435
-7.5635
-7.61132
-7.64016
-7.61148
-7.61139
-7.55286
-7.56793
-7.47762
-7.46183
-7.58016
-7.50312
-7.57114
-7.6524
-7.72969
-7.63462
-7.60427
-7.55142
-7.56719
-7.50911
-7.48068
-7.45514
-7.43989
-7.32814
-7.40762
-7.37215
-7.42243
-7.46134
-7.41732
-7.46266
-7.39162
-7.4251
-7.46669
-7.39237
-7.3625
-7.3933
-7.48205
-7.48172
-7.46641
-7.509
-7.44108
-7.53717
-7.5232
-7.49134
-7.491
-7.46514
-7.42497
-7.43861
-7.48019
-7.57077
-7.60653
-7.62814
-7.61102
-7.58925
-7.63753
-7.62106
-7.6003
-7.54726
-7.52142
-7.51774
-7.51972
-7.46086
-7.48752
-7.51291
-7.52725
-7.506
-7.44238
-7.37927
-7.43001
-7.49584
-7.49143
-7.52099
-7.54167
-7.54724
-7.52825
-7.51402
-7.5626
-7.53469
-7.55699
-7.57701
-7.52538
-7.4072
-7.44187
-7.48094
-7.52587
-7.60209
-7.53488
-7.53385
-7.58448
-7.62085
-7.63892
-7.64121
-7.70358
-7.63835
-7.61873
-7.5247
-7.5815
-7.66328
-7.62437
-7.62313
-7.59717
-7.6229
-7.69208
-7.67932
-7.67907
-7.65338
-7.57412
-7.57857
-7.55366
-7.5983
-7.65679
-7.63744
-7.63417
-7.6348
-7.69827
-7.80959
-7.7807
-7.78671
-7.77132
-7.71867
-7.81417
-7.80467
-7.75349
-7.69789
-7.63008
-7.63594
-7.71804
-7.72686
-7.67271
-7.66501
-7.66873
-7.60174
-7.54728
-7.54958
-7.49931
-7.55789
-7.62511
-7.62904
-7.54347
-7.58506
-7.49466
-7.4843
-7.57632
-7.57166
-7.57521
-7.55289
-7.60138
-7.60079
-7.58921
-7.58551
-7.51748
-7.49614
-7.44922
-7.49623
-7.61987
-7.66915
-7.62404
-7.62841
-7.53551
-7.52552
-7.52559
-7.54683
-7.51616
-7.58286
-7.62744
-7.60847
-7.57123
-7.47236
-7.47442
-7.36796
-7.3853
-7.42269
-7.37674
-7.38353
-7.47249
-7.44076
-7.4655
-7.52875
-7.42329
-7.47953
-7.4057
-7.39858
-7.48333
-7.45629
-7.43288
-7.54772
-7.53231
-7.43688
-7.53297
-7.483
-7.48787
-7.46506
-7.4986
-7.48382
-7.43243
-7.49023
-7.53597
-7.61124
-7.55574
-7.58003
-7.64386
-7.63247
-7.57698
-7.62843
-7.64742
-7.62933
-7.65477
-7.66328
-7.64766
-7.6087
-7.63773
-7.64475
-7.71789
-7.64981
-7.7063
-7.66573
-7.65044
-7.61805
-7.61692
-7.60307
-7.56961
-7.59616
-7.56385
-7.6049
-7.65375
-7.58327
-7.55889
-7.59589
-7.61676
-7.60274
-7.67725
-7.69569
-7.69604
-7.63515
-7.67096
-7.63828
-7.61668
-7.61945
-7.70766
-7.67527
-7.67596
-7.63552
-7.59993
-7.66296
-7.63087
-7.62996
-7.65092
-7.57758
-7.64601
-7.65875
-7.61692
-7.56804
-7.62328
-7.5771
-7.57526
-7.51097
-7.5754
-7.5838
-7.5774
-7.58213
-7.64029
-7.72101
-7.64286
-7.63088
-7.53567
-7.47598
-7.45542
-7.53501
-7.53254
-7.57524
-7.53578
-7.59791
-7.56254
-7.57721
-7.58564
-7.54116
-7.45295
-7.44166
-7.30904
-7.35319
-7.37785
-7.32841
-7.36493
-7.36954
-7.37217
-7.38258
-7.45686
-7.43302
-7.42931
-7.47104
-7.47773
-7.53366
-7.56274
-7.55743
-7.5609
-7.55593
-7.57614
-7.5786
-7.53294
-7.64741
-7.499
-7.43573
-7.43347
-7.43075
-7.40742
-7.44834
-7.49915
-7.52896
-7.55517
-7.6027
-7.569
-7.60323
-7.58412
-7.60399
-7.52588
-7.50996
-7.45688
-7.50663
-7.56797
-7.55223
-7.47742
-7.57657
-7.65001
-7.58233
-7.57985
-7.5784
-7.5162
-7.48729
-7.44944
-7.48063
-7.43763
-7.48372
-7.49409
-7.46761
-7.45832
-7.4421
-7.56478
-7.54545
-7.49856
-7.57216
-7.62733
-7.58793
-7.64648
-7.64026
-7.57026
-7.54693
-7.57805
-7.63864
-7.61495
-7.64761
-7.6453
-7.56097
-7.54246
-7.59988
-7.61243
-7.43506
-7.47103
-7.49387
-7.51498
-7.55519
-7.59804
-7.58399
-7.60089
-7.57346
-7.57442
-7.54211
-7.46032
-7.46693
-7.54865
-7.51066
-7.53193
-7.54609
-7.57175
-7.5851
-7.59105
-7.56209
-7.51543
-7.40066
-7.50481
-7.56867
-7.61195
-7.55635
-7.61776
-7.57692
-7.58453
-7.56478
-7.5502
-7.60398
-7.6155
-7.55943
-7.50945
-7.49009
-7.3854
-7.36164
-7.38506
-7.37281
-7.25359
-7.34836
-7.35298
-7.4319
-7.39166
-7.36705
-7.31299
-7.29416
-7.25952
-7.25263
-7.33948
-7.34725
-7.31732
-7.30746
-7.31427
-7.27039
-7.34142
-7.36563
-7.44875
-7.53682
-7.51858
-7.49575
-7.53636
-7.64272
-7.61389
-7.61172
-7.5666
-7.61733
-7.55723
-7.56861
-7.57079
-7.5696
-7.63235
-7.55235
-7.6788
-7.6903
-7.65203
-7.6627
-7.62678
-7.60613
-7.54085
-7.5437
-7.67482
-7.57528
-7.52849
-7.48688
-7.48336
-7.53448
-7.48688
-7.44491
-7.45162
-7.51875
-7.48803
-7.47372
-7.55601
-7.59821
-7.61111
-7.57171
-7.57738
-7.64332
-7.6749
-7.66114
-7.71169
-7.59188
-7.62581
-7.55298
-7.55418
-7.51339
-7.57155
-7.57935
-7.58222
-7.52418
-7.5108
-7.57723
-7.54299
-7.50761
-7.53313
-7.60086
-7.63142
-7.67546
-7.63569
-7.5233
-7.5618
-7.55805
-7.57827
-7.59967
-7.66678
-7.69481
-7.61087
-7.69568
-7.70367
-7.74051
-7.71636
-7.75838
-7.57485
-7.62896
-7.7027
-7.65253
-7.64468
-7.62951
-7.52946
-7.54154
-7.51179
-7.48368
-7.36323
-7.41574
-7.4326
-7.53922
-7.51479
-7.58015
-7.59767
-7.60534
-7.61127
-7.5744
-7.4188
-7.49674
-7.52136
-7.51804
-7.46526
-7.52837
-7.52242
-7.54625
-7.57563
-7.54959
-7.49417
-7.52609
-7.53953
-7.6275
-7.59525
-7.60078
-7.64652
-7.67309
-7.63224
-7.56249
-7.6078
-7.63214
-7.67695
-7.69453
-7.70978
-7.69563
-7.67364
-7.64899
-7.74204
-7.67893
-7.6626
-7.64239
-7.62977
-7.69053
-7.71887
-7.60339
-7.60006
-7.53844
-7.58161
-7.66062
-7.63479
-7.63891
-7.52956
-7.58213
-7.55458
-7.58549
-7.58611
-7.62316
-7.56414
-7.58547
-7.52377
-7.46213
-7.51061
-7.59953
-7.54494
-7.6086
-7.53515
-7.61115
-7.68193
-7.64461
-7.53518
-7.49506
-7.45684
-7.50615
-7.47664
-7.55724
-7.52901
-7.57572
-7.56833
-7.58556
-7.61899
-7.65965
-7.65757
-7.65983
-7.6275
-7.60132
-7.6376
-7.52831
-7.55662
-7.52123
-7.57195
-7.50541
-7.56521
-7.51479
-7.46671
-7.47738
-7.58283
-7.5454
-7.5583
-7.61156
-7.59788
-7.62451
-7.58174
-7.6268
-7.60757
-7.56109
-7.51551
-7.48805
-7.4946
-7.50826
-7.52634
-7.5263
-7.65805
-7.67536
-7.65481
-7.61973
-7.60006
-7.56048
-7.53001
-7.54048
-7.561
-7.54724
-7.55009
-7.52536
-7.57732
-7.6604
-7.59308
-7.60846
-7.62686
-7.58586
-7.57401
-7.57648
-7.58933
-7.5893
-7.56456
-7.4856
-7.58263
-7.59077
-7.5852
-7.65801
-7.5602
-7.54507
-7.55885
-7.55185
-7.51179
-7.48907
-7.50349
-7.5368
-7.52496
-7.63524
-7.54691
-7.61124
-7.63845
-7.63423
-7.62356
-7.6841
-7.67506
-7.61096
-7.53871
-7.59373
-7.52588
-7.53253
-7.58411
-7.53951
-7.62809
-7.63384
-7.54167
-7.52099
-7.45192
-7.43083
-7.38998
-7.3811
-7.40513
-7.35424
-7.36627
-7.40786
-7.48662
-7.58764
-7.65612
-7.68231
-7.64262
-7.62573
-7.63038
-7.57446
-7.55002
-7.60042
-7.62968
-7.64662
-7.62208
-7.56576
-7.61354
-7.61339
-7.60691
-7.65072
-7.66091
-7.58937
-7.60951
-7.62914
-7.58176
-7.59625
-7.54538
-7.55603
-7.46784
-7.53188
-7.52425
-7.44059
-7.46494
-7.53812
-7.535
-7.53472
-7.54652
-7.54972
-7.44673
-7.40294
-7.42885
-7.43843
-7.42234
-7.46028
-7.48785
-7.44713
-7.51306
-7.48103
-7.46929
-7.44163
-7.48322
-7.50309
-7.50197
-7.54474
-7.53044
-7.43537
-7.50792
-7.49024
-7.54721
-7.54999
-7.45735
-7.49706
-7.49936
-7.46799
-7.5271
-7.40355
-7.39945
-7.40451
-7.36061
-7.3828
-7.43621
-7.5142
-7.35448
-7.40491
-7.34075
-7.36471
-7.45559
-7.48402
-7.43396
-7.4556
-7.45607
-7.4551
-7.52105
-7.53882
-7.50435
-7.55857
-7.55473
-7.60195
-7.5823
-7.5493
-7.58718
-7.56095
-7.55593
-7.39821
-7.56171
-7.51701
-7.49223
-7.59804
-7.5496
-7.48379
-7.43869
-7.4788
-7.51262
-7.55465
-7.62063
-7.52456
-7.47956
-7.4122
-7.40963
-7.36384
-7.44443
-7.46604
-7.37357
-7.35924
-7.37453
-7.38459
-7.39964
-7.36022
-7.37861
-7.41564
-7.40666
-7.46714
-7.44966
-7.40157
-7.36195
-7.43248
-7.43718
-7.43045
-7.44315
-7.49044
-7.52062
-7.52363
-7.56935
-7.58822
-7.55208
-7.49228
-7.5571
-7.55116
-7.52075
-7.54422
-7.48876
-7.51984
-7.46639
-7.42569
-7.48316
-7.45144
-7.44838
-7.45094
-7.45994
-7.53472
-7.52157
-7.55297
-7.62426
-7.63262
-7.56209
-7.54122
-7.45972
-7.41607
-7.46829
-7.42529
-7.36275
-7.44908
-7.44503
-7.38857
-7.41113
-7.43121
-7.47337
-7.40281
-7.42561
-7.49145
-7.4327
-7.44211
-7.51933
-7.49338
-7.51127
-7.53437
-7.49174
-7.51496
-7.51543
-7.4697
-7.47155
-7.47437
-7.52286
-7.57535
-7.52977
-7.49398
-7.51528
-7.49082
-7.49313
-7.52986
-7.55821
-7.5138
-7.54729
-7.59397
-7.51912
-7.52597
-7.51343
-7.56704
-7.57291
-7.61604
-7.63125
-7.62012
-7.61277
-7.58943
-7.59043
-7.58386
-7.52217
-7.46987
-7.51791
-7.54477
-7.53467
-7.47993
-7.46877
-7.46414
-7.4209
-7.45411
-7.5577
-7.47378
-7.46344
-7.51579
-7.54078
-7.53363
-7.47747
-7.49082
-7.44383
-7.51277
-7.46924
-7.47324
-7.55847
-7.56089
-7.40111
-7.51946
-7.5481
-7.59496
-7.54518
-7.50808
-7.48854
-7.55399
-7.56755
-7.56599
-7.51311
-7.45464
-7.43378
-7.47229
-7.46745
-7.45753
-7.47046
-7.43755
-7.5235
-7.60103
-7.54868
-7.53523
-7.5311
-7.53287
-7.54183
-7.46025
-7.51091
-7.4913
-7.50036
-7.505
-7.49186
-7.48168
-7.50619
-7.4991
-7.50569
-7.56508
-7.58325
-7.60053
-7.48872
-7.50225
-7.47379
-7.52202
-7.55352
-7.5711
-7.58106
-7.50684
-7.54331
-7.57311
-7.63114
-7.61681
-7.60464
-7.61176
-7.56538
-7.56054
-7.59013
-7.65122
-7.57982
-7.56778
-7.53135
-7.54365
-7.55374
-7.51071
-7.48086
-7.41072
-7.39769
-7.33181
-7.32474
-7.36331
-7.46058
-7.4813
-7.5147
-7.49546
-7.54687
-7.47626
-7.5745
-7.62959
-7.61587
-7.63087
-7.5709
-7.58119
-7.50553
-7.53904
-7.63957
-7.67303
-7.6542
-7.65912
-7.63818
-7.59762
-7.64962
-7.61543
-7.59327
-7.59402
-7.64078
-7.66249
-7.64438
-7.70338
-7.70332
-7.66831
-7.60682
-7.57316
-7.63179
-7.57975
-7.69643
-7.67375
-7.58226
-7.57849
-7.52083
-7.44235
-7.41128
-7.43831
-7.47326
-7.47878
-7.50891
-7.48368
-7.45764
-7.5309
-7.61059
-7.63277
-7.57894
-7.61027
-7.60939
-7.5916
-7.63666
-7.64747
-7.49802
-7.51974
-7.58389
-7.55347
-7.61785
-7.59192
-7.5416
-7.55698
-7.59214
-7.68619
-7.72755
-7.65686
-7.61666
-7.49939
-7.52057
-7.58594
-7.59393
-7.55519
-7.58199
-7.61362
-7.57898
-7.56245
-7.67156
-7.65233
-7.69916
-7.7415
-7.7203
-7.67531
-7.62453
-7.49203
-7.49113
-7.48761
-7.50032
-7.51333
-7.47521
-7.50741
-7.50675
-7.54321
-7.55749
-7.51234
-7.56612
-7.55363
-7.53502
-7.54692
-7.47062
-7.55442
-7.54282
-7.44175
-7.50324
-7.43274
-7.4026
-7.40685
-7.53514
-7.52184
-7.48078
-7.51133
-7.53811
-7.52519
-7.47648
-7.44164
-7.41096
-7.4164
-7.44546
-7.4209
-7.53006
-7.48815
-7.47675
-7.53423
-7.55872
-7.58698
-7.6678
-7.58771
-7.64676
-7.7142
-7.77054
-7.69415
-7.5994
-7.55846
-7.52222
-7.53305
-7.62696
-7.66574
-7.66707
-7.73929
-7.68733
-7.64921
-7.67159
-7.61846
-7.58799
-7.66337
-7.67223
-7.65775
-7.6629
-7.64706
-7.61226
-7.68153
-7.72631
-7.70241
-7.6497
-7.59765
-7.61913
-7.53624
-7.64445
-7.664
-7.67416
-7.65625
-7.62272
-7.57306
-7.5704
-7.59597
-7.55753
-7.58279
-7.59432
-7.44227
-7.41898
-7.44131
-7.39842
-7.44106
-7.48653
-7.4267
-7.49248
-7.49132
-7.53112
-7.53247
-7.59735
-7.57078
-7.66402
-7.6407
-7.57301
-7.61956
-7.64448
-7.61953
-7.57615
-7.61916
-7.65236
-7.65855
-7.6818
-7.69284
-7.66273
-7.67612
-7.58376
-7.54356
-7.51593
-7.53797
-7.54749
-7.56126
-7.54606
-7.57413
-7.50596
-7.43325
-7.47342
-7.50581
-7.49355
-7.52384
-7.52747
-7.53722
-7.5944
-7.57164
-7.63296
-7.59096
-7.63285
-7.63218
-7.61109
-7.59679
-7.58029
-7.60485
-7.62178
-7.59581
-7.55482
-7.52323
-7.56045
-7.60563
-7.55421
-7.57386
-7.62643
-7.67909
-7.71414
-7.7749
-7.73183
-7.72436
-7.67648
-7.67902
-7.73025
-7.7098
-7.59413
-7.6222
-7.55584
-7.51136
-7.5775
-7.65901
-7.64661
-7.5784
-7.55949
-7.59951
-7.63281
-7.62686
-7.6034
-7.61235
-7.59036
-7.64786
-7.60096
-7.6318
-7.65017
-7.64109
-7.6642
-7.647
-7.55452
-7.53407
-7.50104
-7.39759
-7.50108
-7.55143
-7.35275
-7.38789
-7.45824
-7.53745
-7.58847
-7.70909
-7.64433
-7.60431
-7.59153
-7.63514
-7.59271
-7.62284
-7.60804
-7.54941
-7.52069
-7.47998
-7.47013
-7.48926
-7.45035
-7.45453
-7.45745
-7.54797
-7.50449
-7.45559
-7.45478
-7.48165
-7.50031
-7.57492
-7.56416
-7.44947
-7.46331
-7.46379
-7.52493
-7.45094
-7.51917
-7.54985
-7.51364
-7.49944
-7.56768
-7.55548
-7.5361
-7.55338
-7.60453
-7.67702
-7.62252
-7.58154
-7.58396
-7.6011
-7.5258
-7.53967
-7.60281
-7.59252
-7.6075
-7.54328
-7.55693
-7.62398
-7.65292
-7.52447
-7.60813
-7.55364
-7.60995
-7.62031
-7.63142
-7.63729
-7.58196
-7.56515
-7.52907
-7.52856
-7.61327
-7.6407
-7.64083
-7.60316
-7.58037
-7.58465
-7.58781
-7.60153
-7.59159
-7.57453
-7.63333
-7.595
-7.56993
-7.50203
-7.48777
-7.51805
-7.5324
-7.51467
-7.48816
-7.46642
-7.46137
-7.47827
-7.46573
-7.47849
-7.46694
-7.49536
-7.57209
-7.64229
-7.63733
-7.59956
-7.63157
-7.717
-7.70567
-7.65618
-7.67772
-7.71214
-7.64881
-7.63042
-7.61106
-7.64385
-7.60651
-7.60414
-7.61604
-7.53531
-7.51585
-7.51529
-7.54673
-7.63347
-7.65579
-7.67566
-7.60228
-7.61448
-7.58326
-7.52417
-7.56243
-7.61019
-7.56541
-7.55196
-7.64583
-7.67563
-7.6359
-7.62032
-7.65455
-7.68591
-7.71588
-7.6616
-7.75797
-7.71294
-7.65486
-7.66882
-7.5968
-7.55432
-7.54561
-7.5805
-7.58816
-7.56286
-7.55596
-7.49791
-7.45464
-7.44172
-7.52838
-7.52702
-7.57755
-7.55627
-7.62404
-7.64136
-7.63608
-7.56373
-7.50093
-7.4264
-7.45698
-7.41949
-7.39957
-7.42271
-7.39496
-7.42882
-7.39214
-7.38579
-7.43787
-7.40077
-7.45896
-7.59341
-7.59503
-7.53699
-7.5439
-7.529
-7.54827
-7.47183
-7.48823
-7.46439
-7.49983
-7.49273
-7.50866
-7.58797
-7.59749
-7.60336
-7.61106
-7.58844
-7.60645
-7.61222
-7.59393
-7.52092
-7.54243
-7.55313
-7.52779
-7.59102
-7.55676
-7.64225
-7.6396
-7.62164
-7.59965
-7.61029
-7.55984
-7.41881
-7.52129
-7.49497
-7.50078
-7.55447
-7.61637
-7.60882
-7.57235
-7.53565
-7.58686
-7.60724
-7.58764
-7.65655
-7.66734
-7.66397
-7.58177
-7.64397
-7.64575
-7.63223
-7.57071
-7.61775
-7.53138
-7.46124
-7.50173
-7.41594
-7.46159
-7.54488
-7.56581
-7.57705
-7.53236
-7.55714
-7.52738
-7.57427
-7.64787
-7.59224
-7.58357
-7.51905
-7.48321
-7.39315
-7.51509
-7.55713
-7.6085
-7.62217
-7.63146
-7.56797
-7.56624
-7.54288
-7.45746
-7.6263
-7.77076
-7.71529
-7.79069
-7.67084
-7.67735
-7.63314
-7.60082
-7.63138
-7.61657
-7.64367
-7.63026
-7.57845
-7.60896
-7.52107
-7.55598
-7.55049
-7.56648
-7.60972
-7.6252
-7.53989
-7.54403
-7.44619
-7.49582
-7.54417
-7.51406
-7.56452
-7.53053
-7.5208
-7.4792
-7.45322
-7.48492
-7.45852
-7.48436
-7.54054
-7.59955
-7.50838
-7.5382
-7.63759
-7.56215
-7.52273
-7.60968
-7.57597
-7.54215
-7.56914
-7.54441
-7.54712
-7.48229
-7.52752
-7.4621
-7.439
-7.47198
-7.39766
-7.38122
-7.34234
-7.35521
-7.39415
-7.48539
-7.49343
-7.58518
-7.64052
-7.64274
-7.64471
-7.63663
-7.61062
-7.64706
-7.59052
-7.61597
-7.56208
-7.45104
-7.45905
-7.54508
-7.58839
-7.5886
-7.63395
-7.60991
-7.55307
-7.65912
-7.73224
-7.7101
-7.62999
-7.58441
-7.63301
-7.54962
-7.53273
-7.55067
-7.49684
-7.66656
-7.65628
-7.60311
-7.58091
-7.57951
-7.56709
-7.47311
-7.50621
-7.5622
-7.56716
-7.53701
-7.551
-7.54343
-7.57333
-7.57869
-7.5435
-7.56685
-7.55888
-7.48206
-7.5839
-7.60696
-7.56056
-7.5607
-7.50682
-7.61437
-7.52269
-7.48307
-7.5006
-7.54695
-7.58447
-7.59318
-7.57318
-7.53571
-7.51272
-7.47141
-7.52641
-7.45617
-7.40586
-7.46896
-7.44061
-7.49632
-7.40362
-7.39579
-7.40881
-7.45741
-7.53154
-7.53732
-7.50187
-7.47168
-7.52804
-7.55447
-7.63224
-7.65906
-7.68361
-7.64373
-7.64331
-7.60143
-7.62881
-7.63906
-7.59583
-7.54824
-7.47833
-7.49443
-7.48169
-7.57458
-7.66803
-7.70267
-7.68755
-7.6745
-7.66909
-7.72079
-7.72131
-7.63779
-7.69406
-7.64728
-7.56598
-7.53015
-7.52055
-7.54767
-7.58345
-7.54371
-7.59745
-7.66002
-7.72192
-7.68494
-7.74915
-7.71879
-7.75218
-7.70063
-7.68021
-7.6912
-7.663
-7.64696
-7.64884
-7.66877
-7.65807
-7.60298
-7.69195
-7.67638
-7.58523
-7.62206
-7.57636
-7.58729
-7.6352
-7.65214
-7.58618
-7.56327
-7.60027
-7.62583
-7.55278
-7.43808
-7.49906
-7.50435
-7.53639
-7.53525
-7.52443
-7.61943
-7.59342
-7.56916
-7.61059
-7.59825
-7.672
-7.70346
-7.6189
-7.66534
-7.67848
-7.67312
-7.62132
-7.65711
-7.71566
-7.66798
-7.61967
-7.52461
-7.62949
-7.64375
-7.68213
-7.68117
-7.66069
-7.69766
-7.61861
-7.54909
-7.53492
-7.47071
-7.42156
-7.39962
-7.44311
-7.45837
-7.48674
-7.43947
-7.46983
-7.38382
-7.38565
-7.33938
-7.39041
-7.36295
-7.47389
-7.57502
-7.57573
-7.50883
-7.41585
-7.44888
-7.40356
-7.39741
-7.44961
-7.47971
-7.58652
-7.62334
-7.59189
-7.65046
-7.63341
-7.61221
-7.62885
-7.6555
-7.66575
-7.66331
-7.53218
-7.54507
-7.44336
-7.46262
-7.52932
-7.47481
-7.50702
-7.46705
-7.48022
-7.45989
-7.46409
-7.46226
-7.3731
-7.43051
-7.42968
-7.42873
-7.52626
-7.59934
-7.67789
-7.61165
-7.59983
-7.54803
-7.51543
-7.52639
-7.51735
-7.44357
-7.45792
-7.48949
-7.50145
-7.43144
-7.51343
-7.44439
-7.49754
-7.43835
-7.47653
-7.475
-7.53211
-7.52303
-7.53587
-7.46232
-7.42273
-7.44021
-7.44711
-7.47338
-7.40027
-7.26056
-7.39092
-7.49459
-7.52428
-7.49989
-7.49595
-7.43713
-7.49381
-7.49053
-7.51529
-7.49166
-7.51319
-7.45273
-7.44235
-7.36642
-7.46017
-7.40367
-7.38117
-7.50106
-7.52844
-7.55566
-7.55778
-7.50974
-7.52851
-7.59265
-7.56818
-7.56217
-7.53926
-7.61725
-7.56208
-7.58143
-7.60589
-7.55845
-7.55212
-7.50055
-7.57297
-7.49184
-7.54365
-7.52453
-7.45987
-7.46859
-7.49374
-7.5446
-7.48424
-7.43802
-7.47493
-7.49806
-7.445
-7.53785
-7.59567
-7.58779
-7.59979
-7.52205
-7.41215
-7.4783
-7.48441
-7.44861
-7.37397
-7.44314
-7.4521
-7.50293
-7.50133
-7.5283
-7.57136
-7.61372
-7.59607
-7.68561
-7.69798
-7.70432
-7.69768
-7.65974
-7.54885
-7.48018
-7.40916
-7.41172
-7.46465
-7.36869
-7.35744
-7.3899
-7.50664
-7.51786
-7.47199
-7.45568
-7.50503
-7.48411
-7.44683
-7.50514
-7.56946
-7.56783
-7.47785
-7.47798
-7.48625
-7.597
-7.53083
-7.58923
-7.51013
-7.56514
-7.43121
-7.50753
-7.49975
-7.5239
-7.50296
-7.50402
-7.5404
-7.51203
-7.62598
-7.66423
-7.6736
-7.67821
-7.65916
-7.56609
-7.64065
-7.65302
-7.57451
-7.51742
-7.49126
-7.51888
-7.64715
-7.56788
-7.54598
-7.57253
-7.56381
-7.60776
-7.63111
-7.55564
-7.60912
-7.57417
-7.60051
-7.62174
-7.68322
-7.68868
-7.67342
-7.68742
-7.57465
-7.58191
-7.52729
-7.56306
-7.58877
-7.73326
-7.79418
-7.73419
-7.61754
-7.52859
-7.51636
-7.49838
-7.59731
-7.59397
-7.53064
-7.48129
-7.52625
-7.57383
-7.56945
-7.50328
-7.52289
-7.52492
-7.54928
-7.52891
-7.51652
-7.49574
-7.4109
-7.50589
-7.49533
-7.61061
-7.53002
-7.46709
-7.49439
-7.5093
-7.41164
-7.49107
-7.47419
-7.46321
-7.43778
-7.43495
-7.44564
-7.40447
-7.47047
-7.46613
-7.53803
-7.54301
-7.59735
-7.62222
-7.5286
-7.44233
-7.41842
-7.40757
-7.45634
-7.42337
-7.476
-7.51655
-7.47869
-7.3844
-7.52173
-7.55591
-7.53371
-7.51081
-7.55545
-7.55614
-7.57789
-7.67129
-7.70567
-7.71615
-7.75098
-7.73906
-7.65841
-7.58212
-7.46614
-7.49643
-7.54515
-7.5868
-7.57793
-7.56342
-7.61065
-7.64387
-7.60872
-7.53662
-7.66038
-7.64831
-7.59993
-7.62743
-7.56207
-7.63658
-7.59821
-7.53471
-7.53208
-7.54727
-7.58083
-7.49021
-7.62151
-7.654
-7.6491
-7.62825
-7.61599
-7.60605
-7.62897
-7.57775
-7.56056
-7.60023
-7.62001
-7.62025
-7.6007
-7.55748
-7.52066
-7.51476
-7.48906
-7.47892
-7.46497
-7.49824
-7.54668
-7.66693
-7.56362
-7.61336
-7.56651
-7.58647
-7.58643
-7.61402
-7.54866
-7.58905
-7.65581
-7.68866
-7.65324
-7.56151
-7.54899
-7.58833
-7.57083
-7.58304
-7.58276
-7.52035
-7.56441
-7.53621
-7.58493
-7.56338
-7.48738
-7.4576
-7.39611
-7.39549
-7.49741
-7.46712
-7.54357
-7.51922
-7.51503
-7.56651
-7.53928
-7.44755
-7.40151
-7.50579
-7.38959
-7.38333
-7.31982
-7.38891
-7.29736
-7.33908
-7.33737
-7.39199
-7.36884
-7.44697
-7.50476
-7.45835
-7.35742
-7.35212
-7.36439
-7.35659
-7.38035
-7.44977
-7.45346
-7.54734
-7.5136
-7.40964
-7.38673
-7.46875
-7.48831
-7.48189
-7.45134
-7.4452
-7.36312
-7.40212
-7.33315
-7.40316
-7.38764
-7.40191
-7.4159
-7.42162
-7.43633
-7.48953
-7.53676
-7.54884
-7.50036
-7.55648
-7.53951
-7.4436
-7.33906
-7.51444
-7.54234
-7.63412
-7.58888
-7.55704
-7.529
-7.54243
-7.54076
-7.53445
-7.51438
-7.50189
-7.51332
-7.45343
-7.49079
-7.41844
-7.36343
-7.34125
-7.37355
-7.40808
-7.50526
-7.50751
-7.51759
-7.53408
-7.47358
-7.47875
-7.49712
-7.49596
-7.45265
-7.50557
-7.50427
-7.50336
-7.47523
-7.37839
-7.36232
-7.3924
-7.38074
-7.43822
-7.467
-7.47201
-7.44799
-7.46606
-7.4805
-7.63508
-7.56687
-7.53365
-7.47282
-7.53433
-7.53061
-7.53881
-7.51042
-7.53101
-7.52243
-7.45556
-7.42993
-7.41196
-7.43788
-7.4733
-7.48744
-7.52471
-7.61509
-7.53367
-7.46399
-7.45159
-7.51077
-7.53275
-7.61899
-7.60878
-7.67124
-7.66194
-7.77396
-7.7652
-7.70074
-7.72627
-7.74533
-7.72656
-7.66658
-7.68489
-7.67686
-7.68183
-7.67864
-7.70192
-7.67572
-7.77649
-7.74255
-7.70199
-7.65197
-7.67439
-7.6062
-7.54952
-7.49706
-7.51426
-7.52303
-7.55595
-7.61706
-7.58889
-7.58895
-7.65631
-7.64141
-7.60286
-7.62663
-7.65981
-7.58062
-7.49812
-7.61944
-7.6111
-7.69993
-7.68802
-7.69671
-7.55866
-7.56966
-7.5935
-7.68006
-7.63282
-7.62426
-7.54045
-7.58994
-7.56782
-7.55518
-7.57962
-7.53297
-7.52428
-7.51975
-7.5467
-7.53473
-7.49308
-7.59978
-7.59823
-7.65482
-7.64332
-7.58494
-7.53625
-7.45674
-7.43704
-7.51912
-7.56081
-7.51705
-7.51328
-7.6209
-7.61646
-7.58326
-7.53161
-7.55955
-7.59011
-7.59941
-7.56725
-7.54131
-7.6019
-7.53718
-7.48713
-7.54287
-7.48023
-7.5704
-7.51665
-7.55917
-7.53161
-7.6293
-7.61857
-7.62691
-7.68314
-7.6359
-7.66788
-7.71616
-7.72142
-7.68916
-7.70994
-7.69079
-7.67901
-7.64971
-7.68277
-7.67982
-7.71049
-7.71012
-7.74382
-7.7324
-7.73551
-7.7466
-7.70529
-7.67361
-7.71146
-7.73428
-7.70883
-7.64265
-7.62972
-7.69935
-7.71588
-7.68749
-7.67544
-7.70737
-7.69607
-7.65781
-7.63453
-7.62216
-7.61305
-7.65808
-7.65304
-7.62773
-7.60224
-7.57291
-7.55524
-7.57413
-7.57249
-7.5658
-7.58322
-7.60524
-7.53297
-7.5345
-7.61245
-7.52571
-7.5855
-7.58648
-7.59645
-7.54385
-7.60401
-7.65557
-7.65709
-7.60549
-7.55233
-7.62405
-7.55148
-7.63621
-7.60254
-7.5841
-7.49775
-7.42898
-7.44883
-7.42291
-7.45629
-7.40997
-7.25183
-7.37262
-7.35486
-7.38251
-7.42696
-7.37568
-7.36448
-7.42569
-7.43792
-7.49707
-7.51094
-7.50636
-7.50991
-7.53605
-7.61727
-7.54982
-7.64684
-7.62864
-7.61404
-7.67058
-7.71999
-7.69118
-7.6933
-7.6939
-7.7078
-7.64591
-7.6836
-7.6231
-7.58765
-7.64077
-7.67514
-7.65157
-7.64227
-7.60297
-7.54824
-7.56071
-7.6157
-7.5686
-7.57424
-7.53005
-7.56039
-7.47314
-7.53087
-7.51699
-7.57578
-7.52365
-7.53549
-7.54544
-7.58761
-7.56533
-7.57595
-7.55358
-7.53021
-7.57693
-7.59006
-7.49944
-7.49814
-7.54688
-7.48697
-7.57584
-7.53999
-7.54737
-7.55319
-7.60795
-7.55032
-7.54938
-7.56775
-7.5448
-7.52738
-7.55649
-7.58101
-7.58592
-7.60103
-7.49942
-7.45463
-7.47652
-7.55337
-7.5249
-7.49319
-7.48791
-7.50843
-7.52876
-7.49842
-7.49996
-7.59107
-7.60272
-7.61881
-7.60509
-7.66224
-7.63899
-7.69872
-7.66897
-7.5913
-7.64481
-7.64678
-7.52076
-7.54884
-7.57643
-7.53844
-7.58452
-7.54851
-7.46889
-7.48683
-7.46308
-7.455
-7.55378
-7.45724
-7.49547
-7.51873
-7.47204
-7.51627
-7.51564
-7.5173
-7.51522
-7.52831
-7.47455
-7.36862
-7.38911
-7.38329
-7.34048
-7.50081
-7.48199
-7.57642
-7.61876
-7.60245
-7.61777
-7.59813
-7.5665
-7.57175
-7.58699
-7.53248
-7.58989
-7.58074
-7.55816
-7.61743
-7.6479
-7.67969
-7.67476
-7.59879
-7.68352
-7.68978
-7.67357
-7.62998
-7.60185
-7.61551
-7.61825
-7.51624
-7.46089
-7.49815
-7.46033
-7.52701
-7.54816
-7.57145
-7.64611
-7.66968
-7.52335
-7.5401
-7.58135
-7.48747
-7.50317
-7.39294
-7.41162
-7.4321
-7.45968
-7.52958
-7.48347
-7.50363
-7.47062
-7.50757
-7.50277
-7.55974
-7.50783
-7.5365
-7.59213
-7.54465
-7.47573
-7.56651
-7.50419
-7.48547
-7.52437
-7.50903
-7.57553
-7.53
-7.50288
-7.45441
-7.44991
-7.47185
-7.49103
-7.52003
-7.45458
-7.45096
-7.4563
-7.4339
-7.51505
-7.55371
-7.5427
-7.49
-7.51572
-7.46122
-7.39905
-7.39683
-7.41989
-7.47745
-7.48957
-7.47747
-7.3499
-7.32914
-7.23433
-7.27335
-7.31617
-7.31954
-7.34067
-7.47222
-7.40814
-7.38324
-7.41124
-7.47947
-7.5446
-7.4559
-7.41235
-7.42395
-7.31955
-7.29885
-7.32147
-7.38783
-7.41561
-7.41436
-7.35949
-7.40472
-7.46506
-7.49975
-7.46617
-7.48674
-7.45307
-7.50364
-7.53279
-7.48435
-7.47513
-7.45942
-7.41864
-7.43106
-7.38741
-7.50053
-7.59131
-7.5928
-7.58632
-7.59058
-7.64489
-7.59827
-7.6258
-7.56864
-7.48616
-7.44383
-7.53393
-7.57666
-7.50473
-7.55413
-7.44454
-7.52194
-7.47514
-7.48523
-7.58294
-7.54916
-7.53039
-7.46362
-7.55252
-7.48008
-7.4958
-7.47855
-7.47298
-7.44366
-7.38682
-7.35728
-7.33714
-7.29604
-7.31252
-7.23515
-7.38204
-7.47023
-7.48499
-7.5152
-7.54984
-7.52939
-7.60659
-7.52086
-7.53425
-7.43564
-7.44557
-7.48212
-7.5068
-7.45386
-7.51087
-7.61089
-7.67589
-7.73951
-7.67636
-7.57309
-7.6074
-7.59708
-7.60903
-7.52052
-7.53134
-7.46214
-7.43379
-7.49026
-7.46278
-7.49554
-7.44005
-7.47275
-7.49678
-7.51517
-7.50734
-7.53926
-7.59139
-7.51933
-7.47844
-7.47712
-7.45477
-7.48117
-7.43368
-7.47538
-7.42206
-7.40599
-7.46386
-7.44466
-7.48867
-7.51785
-7.4514
-7.58823
-7.62187
-7.55859
-7.55292
-7.57905
-7.58052
-7.58838
-7.54383
-7.47173
-7.56965
-7.60566
-7.6113
-7.79176
-7.79638
-7.79058
-7.7141
-7.76225
-7.72274
-7.72843
-7.70416
-7.77929
-7.69844
-7.67475
-7.66097
-7.6757
-7.56777
-7.55279
-7.50699
-7.54648
-7.54422
-7.56642
-7.61323
-7.59967
-7.53872
-7.55748
-7.58728
-7.57023
-7.51541
-7.41072
-7.44925
-7.50468
-7.49208
-7.43827
-7.36093
-7.3697
-7.31986
-7.37571
-7.36217
-7.38148
-7.48196
-7.47067
-7.50264
-7.46128
-7.54605
-7.50401
-7.5958
-7.57358
-7.59325
-7.60072
-7.6029
-7.59409
-7.62012
-7.55442
-7.5208
-7.52238
-7.45536
-7.49192
-7.5416
-7.53373
-7.50676
-7.51885
-7.53469
-7.49842
-7.49302
-7.52665
-7.55846
-7.54737
-7.49749
-7.43359
-7.37079
-7.47532
-7.58437
-7.62473
-7.60344
-7.62916
-7.62169
-7.59614
-7.47115
-7.47636
-7.45936
-7.48566
-7.48664
-7.50029
-7.5132
-7.5206
-7.47234
-7.37092
-7.45097
-7.36533
-7.3129
-7.30732
-7.36974
-7.33432
-7.27981
-7.2667
-7.15004
-7.19157
-7.29778
-7.30053
-7.46223
-7.37096
-7.46636
-7.34443
-7.34748
-7.41461
-7.43848
-7.43926
-7.4586
-7.39753
-7.3119
-7.38527
-7.45275
-7.43717
-7.51047
-7.55956
-7.60291
-7.54251
-7.60336
-7.64517
-7.63597
-7.59349
-7.59563
-7.66096
-7.66805
-7.67205
-7.71405
-7.75885
-7.57935
-7.55212
-7.52931
-7.43215
-7.50232
-7.51302
-7.50106
-7.47155
-7.44581
-7.49936
-7.52457
-7.54004
-7.59645
-7.65773
-7.63021
-7.64235
-7.68852
-7.68594
-7.6807
-7.6754
-7.72566
-7.7317
-7.7875
-7.73309
-7.67216
-7.55557
-7.55388
-7.58859
-7.58755
-7.60484
-7.5649
-7.47726
-7.52084
-7.48881
-7.5545
-7.59155
-7.66017
-7.64116
-7.5609
-7.60749
-7.51428
-7.55203
-7.61367
-7.67785
-7.62734
-7.64097
-7.59557
-7.65441
-7.60822
-7.61066
-7.64155
-7.63282
-7.63937
-7.67411
-7.66364
-7.54718
-7.59026
-7.58003
-7.53213
-7.53175
-7.56777
-7.53735
-7.61857
-7.58202
-7.71249
-7.65541
-7.6587
-7.71933
-7.68094
-7.67532
-7.60989
-7.61334
-7.61836
-7.6134
-7.65863
-7.65318
-7.6767
-7.6786
-7.69486
-7.68802
-7.66797
-7.67812
-7.60029
-7.65326
-7.56861
-7.53939
-7.54553
-7.58694
-7.56189
-7.56651
-7.56151
-7.61322
-7.6188
-7.64097
-7.63344
-7.64958
-7.73533
-7.73198
-7.66146
-7.67634
-7.65658
-7.61414
-7.63963
-7.76014
-7.78721
-7.74539
-7.70053
-7.6589
-7.65634
-7.69606
-7.69423
-7.74821
-7.72674
-7.74731
-7.73903
-7.74254
-7.67726
-7.66012
-7.56084
-7.54267
-7.63975
-7.58619
-7.65174
-7.60093
-7.5279
-7.54204
-7.52527
-7.45943
-7.51416
-7.4257
-7.40302
-7.52751
-7.51021
-7.51609
-7.55606
-7.63349
-7.64613
-7.5978
-7.53385
-7.56474
-7.60515
-7.58344
-7.52997
-7.50252
-7.52543
-7.51701
-7.56486
-7.55737
-7.5032
-7.52089
-7.50749
-7.46911
-7.53458
-7.57774
-7.59376
-7.55702
-7.56266
-7.53612
-7.52611
-7.44047
-7.36544
-7.3873
-7.45308
-7.48834
-7.50695
-7.47161
-7.54776
-7.4906
-7.53438
-7.50085
-7.46487
-7.42745
-7.47583
-7.51089
-7.48277
-7.59765
-7.55153
-7.58495
-7.62907
-7.6115
-7.61006
-7.53795
-7.57702
-7.62467
-7.6445
-7.61666
-7.52789
-7.61735
-7.59752
-7.53358
-7.50896
-7.44394
-7.45527
-7.44049
-7.39768
-7.5579
-7.58335
-7.5206
-7.43269
-7.46867
-7.48686
-7.36652
-7.39762
-7.44084
-7.46416
-7.40324
-7.46823
-7.5361
-7.49362
-7.48866
-7.51142
-7.49404
-7.46298
-7.52095
-7.47466
-7.50918
-7.54546
-7.50386
-7.47805
-7.4348
-7.43081
-7.52854
-7.56416
-7.53969
-7.49385
-7.56858
-7.53585
-7.46002
-7.40501
-7.37651
-7.34988
-7.32369
-7.41548
-7.40074
-7.44759
-7.46906
-7.49616
-7.43708
-7.44767
-7.46224
-7.53504
-7.54697
-7.56788
-7.56765
-7.55402
-7.53533
-7.55745
-7.55266
-7.50303
-7.54599
-7.55524
-7.53818
-7.46059
-7.47174
-7.44187
-7.48663
-7.43779
-7.4172
-7.3602
-7.39696
-7.43527
-7.28767
-7.30328
-7.28862
-7.36717
-7.42429
-7.37994
-7.42702
-7.38045
-7.34977
-7.3889
-7.42095
-7.40602
-7.44367
-7.4821
-7.47845
-7.46189
-7.41862
-7.53287
-7.48823
-7.49185
-7.54638
-7.53764
-7.45155
-7.43431
-7.41847
-7.49429
-7.4968
-7.47288
-7.3647
-7.32321
-7.33071
-7.33667
-7.44629
-7.48994
-7.55089
-7.49291
-7.58828
-7.62003
-7.53878
-7.52061
-7.5099
-7.47604
-7.4598
-7.40646
-7.43982
-7.48452
-7.48576
-7.52013
-7.57284
-7.6056
-7.5681
-7.51552
-7.55825
-7.48854
-7.44371
-7.47801
-7.54715
-7.57595
-7.56353
-7.55912
-7.54527
-7.5785
-7.54752
-7.60241
-7.63486
-7.60481
-7.6188
-7.54386
-7.56499
-7.55239
-7.51158
-7.47733
-7.45135
-7.48069
-7.62974
-7.48889
-7.51599
-7.55649
-7.50317
-7.399
-7.4348
-7.44122
-7.40366
-7.50024
-7.46855
-7.5189
-7.52916
-7.44873
-7.37671
-7.40196
-7.40526
-7.44413
-7.351
-7.40355
-7.33818
-7.4728
-7.57999
-7.57419
-7.56033
-7.61692
-7.51056
-7.60346
-7.63384
-7.63096
-7.57348
-7.58957
-7.57762
-7.47738
-7.51019
-7.52801
-7.48794
-7.4842
-7.50797
-7.6073
-7.61958
-7.59132
-7.52751
-7.53715
-7.58642
-7.62437
-7.6387
-7.63183
-7.60061
-7.51334
-7.42235
-7.48297
-7.47152
-7.44176
-7.51563
-7.52853
-7.57377
-7.60018
-7.52049
-7.57352
-7.50638
-7.49571
-7.57869
-7.53698
-7.55231
-7.49614
-7.47594
-7.44655
-7.45614
-7.52802
-7.54254
-7.49313
-7.51809
-7.52222
-7.42549
-7.41546
-7.46292
-7.52376
-7.5786
-7.5352
-7.55269
-7.53643
-7.48072
-7.51469
-7.54411
-7.52669
-7.53642
-7.48371
-7.49321
-7.51911
-7.52267
-7.54279
-7.51901
-7.58742
-7.63382
-7.57113
-7.55913
-7.5445
-7.59689
-7.58177
-7.55897
-7.57009
-7.50956
-7.52118
-7.53652
-7.53168
-7.64349
-7.68554
-7.69274
-7.6707
-7.60674
-7.58928
-7.49198
-7.49023
-7.52779
-7.52727
-7.61084
-7.58176
-7.5529
-7.59956
-7.57554
-7.5979
-7.48226
-7.4934
-7.55071
-7.49076
-7.41714
-7.42234
-7.47663
-7.54392
-7.53996
-7.61693
-7.63057
-7.62683
-7.60615
-7.61912
-7.62714
-7.54652
-7.52096
-7.55675
-7.53089
-7.54752
-7.49283
-7.52251
-7.50898
-7.51185
-7.55521
-7.44757
-7.49313
-7.37193
-7.39736
-7.41875
-7.39841
-7.4183
-7.47141
-7.41617
-7.4634
-7.45509
-7.41111
-7.51928
-7.50836
-7.51407
-7.44621
-7.42759
-7.48454
-7.50774
-7.42477
-7.42114
-7.47426
-7.48219
-7.47453
-7.48522
-7.5178
-7.4823
-7.52321
-7.52914
-7.63155
-7.56638
-7.48757
-7.61364
-7.63991
-7.58162
-7.63599
-7.64111
-7.53062
-7.50126
-7.56723
-7.63729
-7.56777
-7.49236
-7.50069
-7.56198
-7.54926
-7.65086
-7.61937
-7.6042
-7.56832
-7.65271
-7.6123
-7.54791
-7.60893
-7.64512
-7.70009
-7.73111
-7.68323
-7.64744
-7.63303
-7.64868
-7.59285
-7.59632
-7.61153
-7.6213
-7.63356
-7.62138
-7.60448
-7.63474
-7.64611
-7.65093
-7.61668
-7.64133
-7.70992
-7.75438
-7.73947
-7.72177
-7.75623
-7.72601
-7.722
-7.69964
-7.63222
-7.64548
-7.70241
-7.63406
-7.63232
-7.58471
-7.57262
-7.50668
-7.57223
-7.53396
-7.48584
-7.55716
-7.48824
-7.44538
-7.41264
-7.49445
-7.5611
-7.57225
-7.5056
-7.54968
-7.60241
-7.5718
-7.65173
-7.56615
-7.60928
-7.7122
-7.66641
-7.64264
-7.58982
-7.51933
-7.4888
-7.56165
-7.53157
-7.49957
-7.41727
-7.36041
-7.3774
-7.51488
-7.57546
-7.5318
-7.4504
-7.45445
-7.44899
-7.48097
-7.4285
-7.44707
-7.45561
-7.37919
-7.42438
-7.46969
-7.51214
-7.53303
-7.39857
-7.42395
-7.43122
-7.44212
-7.54393
-7.58636
-7.55079
-7.50306
-7.52484
-7.5677
-7.60684
-7.60827
-7.54022
-7.47478
-7.48181
-7.53292
-7.4695
-7.47846
-7.44752
-7.43881
-7.43178
-7.43142
-7.45218
-7.46108
-7.42311
-7.4099
-7.45006
-7.52718
-7.55901
-7.57376
-7.61459
-7.60766
-7.6534
-7.55683
-7.46052
-7.3705
-7.48316
-7.5079
-7.54725
-7.51482
-7.5086
-7.51908
-7.47185
-7.48795
-7.50479
-7.50898
-7.50465
-7.57757
-7.49899
-7.56344
-7.46459
-7.39368
-7.43163
-7.40951
-7.45195
-7.4844
-7.45231
-7.48791
-7.41798
-7.46557
-7.38575
-7.46563
-7.44597
-7.48191
-7.50856
-7.47258
-7.39589
-7.44598
-7.47673
-7.48258
-7.46494
-7.53601
-7.60407
-7.57568
-7.54217
-7.54207
-7.42857
-7.44818
-7.45434
-7.5051
-7.52875
-7.55669
-7.53492
-7.54626
-7.5479
-7.55328
-7.60056
-7.64522
-7.69237
-7.64267
-7.6011
-7.48476
-7.54192
-7.57777
-7.56793
-7.58055
-7.58952
-7.66735
-7.62971
-7.59204
-7.49455
-7.49353
-7.59762
-7.53907
-7.54935
-7.53183
-7.52729
-7.56409
-7.56468
-7.60941
-7.50745
-7.55778
-7.65065
-7.66173
-7.58879
-7.5921
-7.54975
-7.59825
-7.55641
-7.60772
-7.65803
-7.58022
-7.60033
-7.58957
-7.59251
-7.63383
-7.65028
-7.66773
-7.63635
-7.64332
-7.62834
-7.63151
-7.56605
-7.5825
-7.60649
-7.65516
-7.7044
-7.72338
-7.74234
-7.69331
-7.63005
-7.66455
-7.62914
-7.58223
-7.59353
-7.56656
-7.57689
-7.49305
-7.42302
-7.48197
-7.49581
-7.45979
-7.44857
-7.53125
-7.53103
-7.62648
-7.57656
-7.59603
-7.68428
-7.66383
-7.69095
-7.72008
-7.79586
-7.73822
-7.71884
-7.63049
-7.69497
-7.66458
-7.62727
-7.50956
-7.49915
-7.43256
-7.51658
-7.58348
-7.50566
-7.5114
-7.48597
-7.48998
-7.49023
-7.46955
-7.54082
-7.456
-7.53157
-7.60494
-7.59319
-7.55831
-7.57202
-7.54652
-7.47581
-7.4934
-7.45925
-7.44074
-7.45623
-7.49606
-7.43274
-7.452
-7.38993
-7.39201
-7.4185
-7.41174
-7.43475
-7.46666
-7.53903
-7.5245
-7.57707
-7.58564
-7.63129
-7.60626
-7.48278
-7.44614
-7.47042
-7.56598
-7.51862
-7.4818
-7.46371
-7.51818
-7.66665
-7.64404
-7.57989
-7.64482
-7.61383
-7.5929
-7.56573
-7.58709
-7.63432
-7.55029
-7.57904
-7.51973
-7.57322
-7.56745
-7.53081
-7.52017
-7.57873
-7.56395
-7.57297
-7.61747
-7.5876
-7.58375
-7.54564
-7.60046
-7.63739
-7.6475
-7.59508
-7.63859
-7.61278
-7.56711
-7.45382
-7.47505
-7.47246
-7.46644
-7.4398
-7.51234
-7.54058
-7.49346
-7.47953
-7.4205
-7.46309
-7.44707
-7.47613
-7.47858
-7.3995
-7.45278
-7.42179
-7.51956
-7.62123
-7.60606
-7.59704
-7.63781
-7.58516
-7.60289
-7.58467
-7.64998
-7.61276
-7.54169
-7.59856
-7.59892
-7.59086
-7.55821
-7.62944
-7.55654
-7.61056
-7.5738
-7.57882
-7.53105
-7.46157
-7.41677
-7.46201
-7.51113
-7.50545
-7.45604
-7.4127
-7.42015
-7.35267
-7.42433
-7.44749
-7.43118
-7.48359
-7.56603
-7.60434
-7.54546
-7.60636
-7.603
-7.59784
-7.55562
-7.65429
-7.53991
-7.57068
-7.60788
-7.60312
-7.65164
-7.66977
-7.63744
-7.68645
-7.71113
-7.6693
-7.71294
-7.70083
-7.6266
-7.67019
-7.5736
-7.56553
-7.49471
-7.6134
-7.52744
-7.43259
-7.50172
-7.53143
-7.4929
-7.53772
-7.55102
-7.62208
-7.63254
-7.62227
-7.67536
-7.63062
-7.61222
-7.50533
-7.56683
-7.69152
-7.63228
-7.59365
-7.57605
-7.55345
-7.58673
-7.5429
-7.57691
-7.58948
-7.53308
-7.5517
-7.55855
-7.53676
-7.50746
-7.54686
-7.5353
-7.46864
-7.46059
-7.45413
-7.44327
-7.43413
-7.54186
-7.52397
-7.52174
-7.48285
-7.50246
-7.48616
-7.45964
-7.53741
-7.53417
-7.47625
-7.47547
-7.50777
-7.47084
-7.54481
-7.49165
-7.56533
-7.62112
-7.53655
-7.52265
-7.51317
-7.54882
-7.54986
-7.45875
-7.437
-7.3272
-7.30296
-7.29421
-7.40453
-7.46228
-7.46221
-7.50964
-7.49357
-7.41997
-7.41785
-7.44483
-7.4418
-7.48417
-7.47519
-7.53625
-7.46705
-7.38782
-7.4477
-7.47895
-7.49345
-7.37579
-7.42148
-7.49426
-7.44073
-7.43382
-7.45832
-7.45655
-7.51582
-7.46246
-7.45691
-7.42207
-7.4275
-7.51482
-7.51795
-7.49586
-7.42329
-7.40549
-7.38919
-7.44763
-7.49006
-7.4193
-7.45476
-7.53871
-7.51093
-7.41786
-7.48522
-7.49499
-7.46302
-7.42414
-7.42521
-7.41843
-7.42991
-7.39724
-7.48116
-7.51837
-7.48737
-7.52232
-7.42824
-7.49473
-7.50777
-7.56105
-7.54779
-7.51813
-7.51846
-7.51638
-7.50528
-7.51065
-7.47662
-7.56107
-7.5564
-7.59208
-7.61664
-7.53105
-7.5609
-7.51779
-7.46419
-7.43793
-7.45345
-7.57253
-7.56349
-7.50579
-7.5569
-7.54664
-7.52801
-7.5913
-7.61729
-7.59546
-7.58161
-7.5699
-7.67315
-7.62045
-7.5766
-7.54167
-7.59979
-7.64783
-7.56886
-7.55805
-7.57024
-7.5296
-7.49451
-7.52194
-7.51281
-7.44976
-7.46721
-7.4627
-7.44231
-7.49597
-7.50164
-7.45297
-7.51762
-7.42586
-7.33253
-7.43398
-7.4135
-7.45495
-7.34725
-7.33416
-7.39918
-7.38426
-7.31029
-7.29403
-7.25084
-7.31647
-7.36521
-7.42516
-7.3982
-7.40497
-7.4723
-7.56681
-7.51002
-7.45982
-7.53394
-7.52638
-7.63901
-7.59792
-7.65645
-7.64155
-7.70279
-7.70537
-7.71062
-7.67938
-7.62706
-7.69524
-7.62977
-7.67416
-7.67258
-7.60153
-7.69855
-7.65661
-7.64905
-7.68192
-7.72424
-7.72272
-7.70519
-7.69098
-7.57955
-7.64428
-7.66731
-7.72504
-7.73532
-7.67335
-7.70042
-7.65867
-7.63806
-7.71993
-7.65241
-7.62675
-7.61653
-7.60019
-7.64741
-7.59286
-7.62845
-7.62989
-7.67986
-7.696
-7.68737
-7.67714
-7.66887
-7.57261
-7.55681
-7.55279
-7.52283
-7.59904
-7.49688
-7.53143
-7.62054
-7.52711
-7.61158
-7.708
-7.59136
-7.60489
-7.52865
-7.50598
-7.4872
-7.59477
-7.53134
-7.54
-7.59176
-7.54613
-7.59465
-7.53084
-7.49839
-7.48135
-7.348
-7.32079
-7.31087
-7.48403
-7.60393
-7.591
-7.51044
-7.50955
-7.5532
-7.53087
-7.47263
-7.43771
-7.42513
-7.39153
-7.48033
-7.46916
-7.42248
-7.52252
-7.51015
-7.56527
-7.53047
-7.4296
-7.42017
-7.38448
-7.38843
-7.43031
-7.44827
-7.4783
-7.40097
-7.46943
-7.5763
-7.61193
-7.64899
-7.63662
-7.65535
-7.68136
-7.64475
-7.48622
-7.49421
-7.42037
-7.42801
-7.48687
-7.50941
-7.55303
-7.52378
-7.51348
-7.47408
-7.51762
-7.52236
-7.51629
-7.46441
-7.55072
-7.50648
-7.50645
-7.47302
-7.4666
-7.45733
-7.49572
-7.50989
-7.48697
-7.52719
-7.51538
-7.56037
-7.56131
-7.57595
-7.56434
-7.514
-7.56184
-7.54994
-7.49661
-7.47875
-7.44326
-7.441
-7.46041
-7.38166
-7.44574
-7.46251
-7.55779
-7.61548
-7.61023
-7.55422
-7.52838
-7.52445
-7.5284
-7.62126
-7.63415
-7.69099
-7.70429
-7.69225
-7.72642
-7.73384
-7.68016
-7.61529
-7.55861
-7.553
-7.49373
-7.51411
-7.57267
-7.53616
-7.53223
-7.61668
-7.68289
-7.70578
-7.7026
-7.60034
-7.62811
-7.6325
-7.58122
-7.65491
-7.56791
-7.56817
-7.6
-7.65104
-7.60247
-7.67252
-7.78017
-7.7682
-7.6946
-7.71262
-7.72052
-7.69922
-7.73093
-7.70202
-7.70333
-7.58401
-7.54132
-7.46034
-7.44962
-7.47823
-7.44358
-7.47242
-7.50845
-7.53201
-7.59555
-7.60399
-7.59296
-7.63399
-7.67399
-7.60227
-7.62253
-7.59833
-7.4813
-7.54573
-7.51266
-7.47948
-7.59268
-7.65415
-7.61568
-7.53449
-7.55788
-7.51153
-7.57804
-7.51508
-7.46614
-7.49475
-7.48116
-7.47539
-7.48791
-7.42805
-7.48924
-7.47852
-7.61298
-7.60935
-7.59952
-7.59152
-7.58552
-7.5554
-7.60063
-7.60424
-7.56246
-7.58517
-7.58363
-7.64479
-7.64191
-7.601
-7.61755
-7.54944
-7.52461
-7.54805
-7.5897
-7.62817
-7.57378
-7.47706
-7.4744
-7.60408
-7.5675
-7.65182
-7.6131
-7.56997
-7.4394
-7.47208
-7.53318
-7.55325
-7.47328
-7.51386
-7.4015
-7.43162
-7.49478
-7.53222
-7.56475
-7.62612
-7.64135
-7.62482
-7.69907
-7.65233
-7.65967
-7.60847
-7.61009
-7.53692
-7.5419
-7.58902
-7.57179
-7.60958
-7.59848
-7.51042
-7.53718
-7.57768
-7.65395
-7.61329
-7.55955
-7.59927
-7.5703
-7.52558
-7.51096
-7.50168
-7.4518
-7.49108
-7.52343
-7.51161
-7.5226
-7.53564
-7.56539
-7.59967
-7.60454
-7.61212
-7.69034
-7.74103
-7.72771
-7.75545
-7.69151
-7.63172
-7.58703
-7.58242
-7.55742
-7.54012
-7.56985
-7.58034
-7.53262
-7.47354
-7.44782
-7.47118
-7.57011
-7.53051
-7.54662
-7.5683
-7.58242
-7.64117
-7.66111
-7.57932
-7.50386
-7.47935
-7.48104
-7.4597
-7.42894
-7.48871
-7.46681
-7.46062
-7.45119
-7.50482
-7.54989
-7.57764
-7.62302
-7.61971
-7.64441
-7.62602
-7.62003
-7.55995
-7.53707
-7.5433
-7.48509
-7.44811
-7.44514
-7.48796
-7.54757
-7.57166
-7.50381
-7.55751
-7.48912
-7.52039
-7.48164
-7.57041
-7.58498
-7.63085
-7.56063
-7.52949
-7.5537
-7.5717
-7.52476
-7.55945
-7.5778
-7.60616
-7.59927
-7.57349
-7.52832
-7.52097
-7.49222
-7.513
-7.55368
-7.55193
-7.59207
-7.51861
-7.55387
-7.61311
-7.64856
-7.65039
-7.64696
-7.62452
-7.73909
-7.73987
-7.67896
-7.68719
-7.63121
-7.58272
-7.52458
-7.52446
-7.50385
-7.48823
-7.50124
-7.43322
-7.48069
-7.47885
-7.5647
-7.5324
-7.4611
-7.41417
-7.45254
-7.46739
-7.47239
-7.43248
-7.49948
-7.50104
-7.55567
-7.52803
-7.54068
-7.53865
-7.5279
-7.57624
-7.59942
-7.65921
-7.69232
-7.62678
-7.70642
-7.71526
-7.65685
-7.60026
-7.68333
-7.63762
-7.61537
-7.59066
-7.58598
-7.59289
-7.57678
-7.62645
-7.66437
-7.69048
-7.69069
-7.65126
-7.61192
-7.60621
-7.65288
-7.64856
-7.67094
-7.67407
-7.55755
-7.5179
-7.46983
-7.44439
-7.42831
-7.48897
-7.49462
-7.39324
-7.43486
-7.5106
-7.42215
-7.31663
-7.20265
-7.34699
-7.39623
-7.36616
-7.43719
-7.51461
-7.53269
-7.47653
-7.4232
-7.46449
-7.41652
-7.40039
-7.41562
-7.34951
-7.41835
-7.4688
-7.54664
-7.56716
-7.51248
-7.43848
-7.47954
-7.52382
-7.51613
-7.50435
-7.54735
-7.47075
-7.39449
-7.4287
-7.38225
-7.42058
-7.40435
-7.43272
-7.40842
-7.46425
-7.45271
-7.45001
-7.48507
-7.52852
-7.46127
-7.59105
-7.57013
-7.51661
-7.47295
-7.43161
-7.49247
-7.51689
-7.5519
-7.54161
-7.52416
-7.48213
-7.49164
-7.58059
-7.57567
-7.51781
-7.54692
-7.4974
-7.56675
-7.62657
-7.56908
-7.56449
-7.50542
-7.51281
-7.51862
-7.52322
-7.45946
-7.44913
-7.41002
-7.37735
-7.42022
-7.4861
-7.45641
-7.47271
-7.4666
-7.53012
-7.51546
-7.47859
-7.48031
-7.49795
-7.44455
-7.52251
-7.53927
-7.60332
-7.63344
-7.5536
-7.51654
-7.5121
-7.45512
-7.39597
-7.4509
-7.45756
-7.4322
-7.48048
-7.52354
-7.596
-7.68526
-7.66541
-7.70791
-7.61392
-7.57655
-7.52146
-7.54876
-7.55246
-7.58515
-7.61417
-7.60151
-7.62042
-7.63084
-7.61596
-7.6317
-7.60282
-7.67839
-7.70101
-7.70351
-7.67817
-7.60244
-7.50285
-7.51423
-7.57634
-7.67729
-7.59205
-7.5531
-7.60211
-7.61602
-7.5783
-7.64367
-7.58625
-7.5222
-7.56511
-7.57273
-7.50957
-7.51741
-7.55245
-7.56892
-7.59887
-7.61326
-7.62731
-7.62642
-7.65588
-7.6786
-7.65119
-7.58417
-7.65761
-7.68955
-7.58918
-7.56424
-7.56441
-7.55007
-7.62535
-7.62215
-7.70349
-7.66918
-7.6684
-7.64604
-7.66901
-7.66242
-7.62402
-7.60697
-7.57353
-7.58441
-7.57725
-7.5585
-7.54217
-7.58759
-7.66208
-7.67016
-7.6586
-7.63067
-7.56363
-7.50159
-7.53739
-7.53628
-7.54997
-7.61253
-7.6994
-7.59684
-7.56083
-7.50794
-7.50905
-7.46847
-7.43476
-7.4307
-7.49135
-7.50118
-7.46861
-7.45715
-7.46552
-7.54559
-7.51343
-7.5255
-7.52806
-7.50842
-7.54377
-7.41594
-7.35583
-7.29779
-7.34043
-7.37175
-7.2993
-7.4081
-7.43884
-7.50081
-7.45832
-7.47456
-7.46936
-7.48468
-7.47468
-7.52355
-7.50906
-7.56759
-7.54604
-7.58247
-7.61436
-7.61467
-7.57697
-7.50075
-7.60662
-7.53722
-7.49902
-7.56769
-7.55285
-7.58646
-7.47338
-7.49314
-7.56928
-7.56332
-7.54377
-7.56777
-7.45715
-7.53644
-7.63408
-7.60267
-7.65579
-7.56165
-7.53635
-7.48555
-7.54635
-7.54817
-7.61811
-7.6757
-7.52123
-7.51711
-7.52009
-7.51315
-7.54748
-7.54875
-7.53485
-7.51263
-7.50752
-7.52735
-7.62661
-7.56778
-7.59607
-7.64363
-7.61621
-7.63462
-7.62785
-7.59776
-7.58472
-7.64864
-7.62204
-7.65323
-7.69258
-7.60938
-7.61139
-7.5827
-7.59472
-7.56256
-7.59615
-7.62829
-7.59932
-7.55388
-7.67322
-7.64355
-7.64417
-7.67766
