1 0.995 0.895175 0.889139 0.0349109 0.0180807
2 0.990025 0.90289 0.846252 -0.0660831 0.0141563
3 0.985075 0.903572 0.965373 0.252694 0.0260612
4 0.98015 0.930844 1.02305 0.599073 0.0371917
5 0.975249 0.857897 0.902434 -0.0282965 0.0194353
6 0.970373 1.02073 0.800959 0.106714 0.0188407
7 0.965521 1.0211 0.618316 -0.236593 0.00631733
8 0.960693 1.0639 0.530364 -0.115905 0.00449841
9 0.95589 1.09014 0.646484 -0.0530043 0.00965787
10 0.95111 1.0498 0.800467 0.212113 0.0201945
11 0.946355 1.14051 0.670537 0.147871 0.0126457
12 0.941623 1.22371 0.646124 0.489059 0.0171919
13 0.936915 1.06808 0.666165 -0.0639171 0.0107434
14 0.93223 0.903188 0.618607 -0.403388 0.00326113
15 0.927569 0.830923 0.70671 -0.388862 0.0053932
16 0.922931 0.864223 0.620384 -0.430063 0.00303616
17 0.918316 0.879119 0.698492 -0.368936 0.00627264
18 0.913725 1.00653 0.864298 0.234938 0.0200191
19 0.909156 0.997841 0.631656 -0.282805 0.00740372
20 0.90461 1.09177 0.588509 -0.0772115 0.00683142
21 0.900087 0.87839 0.682723 -0.378655 0.00655428
22 0.895587 0.933414 0.651287 -0.365616 0.00541199
23 0.891109 0.895257 0.753815 -0.257646 0.00997787
24 0.886654 1.02332 0.862844 0.320443 0.0218081
25 0.88222 0.944087 0.784786 -0.155871 0.0120987
26 0.877809 1.06966 0.689999 -0.0198152 0.0130551
27 0.87342 1.09224 0.741122 0.149287 0.0167132
28 0.869053 1.15355 0.690376 0.229799 0.0162217
29 0.864708 1.16233 0.578563 0.106622 0.00688839
30 0.860384 1.19669 0.382581 0.672178 0.0132467
31 0.856082 1.11831 0.23175 3.21645 0.0615656
32 0.851802 1.27964 0.343703 1.13656 0.0224155
33 0.847543 1.35473 0.323376 1.63351 0.0256249
34 0.843305 1.33208 0.477502 0.753807 0.00983773
35 0.839089 1.36464 0.672636 1.36783 0.0234553
36 0.834893 1.66664 0.518958 3.69661 0.0397004
37 0.830719 1.2688 0.805608 1.31243 0.0347133
38 0.826565 1.28115 0.821259 1.44138 0.0358265
39 0.822432 1.2266 0.632796 0.419854 0.014881
40 0.81832 1.21464 0.64282 0.427525 0.0154882
41 0.814229 1.21935 0.646564 0.431488 0.0140876
42 0.810157 1.16947 0.583611 0.160016 0.00781772
43 0.806107 1.08062 0.524723 -0.0684607 0.00486561
44 0.802076 1.10856 0.628627 -0.0189413 0.00860231
45 0.798066 1.30505 0.650472 0.873533 0.0184043
46 0.794075 1.35741 0.720374 1.53833 0.0326742
47 0.790105 1.44894 0.493024 1.45014 0.0180096
48 0.786154 1.47861 0.51051 1.70321 0.0202149
49 0.782224 1.58618 0.468203 2.59674 0.0266619
50 0.778313 1.56388 0.421457 2.36304 0.0222659
51 0.774421 1.52807 0.464919 2.0175 0.0220121
52 0.770549 1.5988 0.420112 2.72361 0.0218525
53 0.766696 1.55332 0.434914 2.29777 0.0240047
54 0.762863 1.4158 0.32734 1.90745 0.0264705
55 0.759048 1.44125 0.312848 2.16479 0.0295514
56 0.755253 1.43004 0.436611 1.33798 0.015386
57 0.751477 1.47492 0.398642 1.74232 0.0173789
58 0.747719 1.59292 0.391362 2.73884 0.0247395
59 0.743981 1.46004 0.626663 1.94323 0.0290346
60 0.740261 1.37767 0.307656 1.96188 0.029941
61 0.73656 1.31062 0.371128 1.02026 0.0151224
62 0.732877 1.2741 0.302756 1.62945 0.0360841
63 0.729212 1.08518 0.409123 0.297851 0.0126984
64 0.725566 1.13934 0.517559 0.0653149 0.00502386
65 0.721939 0.998306 0.723334 -0.135133 0.0119328
66 0.718329 0.944447 0.637192 -0.350427 0.00549973
67 0.714737 0.869007 0.671426 -0.396531 0.00528154
68 0.711164 1.04463 0.747999 0.0350121 0.0153913
69 0.707608 0.846717 0.641601 -0.429718 0.00394386
70 0.70407 0.80788 0.691004 -0.409737 0.00462691
71 0.700549 0.655677 0.745015 -0.342312 0.00574151
72 0.697047 0.498068 0.835621 -0.270137 0.0066292
73 0.693561 0.48019 0.690382 -0.215782 0.00550854
74 0.690094 0.432224 0.838367 -0.253509 0.00560106
75 0.686643 0.390017 0.922163 -0.250204 0.00776694
76 0.68321 0.264377 0.780178 -0.143165 0.00688988
77 0.679794 0.25659 0.784497 -0.146638 0.00701374
78 0.676395 0.135322 0.75851 -0.0347903 0.00764536
79 0.673013 0.0621166 0.978519 -0.254078 0.0067136
80 0.669648 0.0365886 0.73426 0.00438149 0.00816328
81 0.6663 0.00990975 0.747531 -0.0134926 0.00773274
82 0.662968 0.110256 0.66199 0.162166 0.00851164
83 0.659653 0.194718 0.531577 0.45254 0.0105448
84 0.656355 0.172345 0.478258 0.697636 0.0159331
85 0.653073 0.180574 0.549352 0.394684 0.0113568
86 0.649808 0.229019 0.773386 -0.118017 0.00694329
87 0.646559 0.16117 0.854416 -0.185312 0.00657242
88 0.643326 0.114622 0.829206 -0.147641 0.00631425
89 0.640109 0.217553 0.691598 0.0323443 0.00834074
90 0.636909 0.176262 0.690913 0.0494423 0.00851533
91 0.633724 0.170797 0.807367 -0.133343 0.00731235
92 0.630556 0.0762266 0.749378 -0.0417238 0.00815811
93 0.627403 0.25962 0.831187 -0.194317 0.0059421
94 0.624266 0.338093 0.7769 -0.157618 0.00578671
95 0.621145 0.278853 0.740362 -0.0907379 0.00802427
96 0.618039 0.427795 0.747209 -0.196348 0.0062743
97 0.614949 0.403139 0.733357 -0.176403 0.00641538
98 0.611874 0.388481 0.588381 0.0167309 0.00727767
99 0.608815 0.469955 0.547003 -0.0683431 0.00647779
100 0.60577 0.48662 0.450252 0.0275138 0.00679791
101 0.602742 0.538688 0.390445 0.237563 0.0148549
102 0.599728 0.352818 0.563028 0.111441 0.00811076
103 0.596729 0.354816 0.589097 0.0691819 0.00881574
104 0.593746 0.370172 0.546146 0.115217 0.00812706
105 0.590777 0.370631 0.625535 -0.0142986 0.00752262
106 0.587823 0.181035 0.592657 0.274938 0.0100121
107 0.584884 0.138796 0.609208 0.269428 0.00947823
108 0.581959 0.0490428 0.402186 1.34671 0.0225363
109 0.57905 0.0752541 0.628056 0.235498 0.00972901
110 0.576154 0.281017 0.516937 0.343589 0.00977579
111 0.573274 0.262075 0.298677 1.21285 0.0207323
112 0.570407 0.249615 0.610491 0.157144 0.00924343
113 0.567555 0.208602 0.695999 0.020878 0.00880239
114 0.564717 0.233627 0.824224 -0.178104 0.0065507
115 0.561894 0.228835 0.918689 -0.245841 0.00678185
116 0.559084 0.182325 0.948761 -0.250352 0.0070554
117 0.556289 0.264583 1.0035 -0.239375 0.00977715
118 0.553508 0.438504 1.06533 -0.156419 0.0131938
119 0.55074 0.406117 1.1109 -0.0938961 0.0175013
120 0.547986 0.45208 1.28986 0.435467 0.034308
121 0.545246 0.546894 1.11879 0.0548937 0.0247576
122 0.54252 0.736902 1.05903 0.201577 0.0295468
123 0.539808 0.589001 1.02196 -0.100928 0.0163045
124 0.537108 0.606454 1.16018 0.272598 0.0348102
125 0.534423 0.616974 1.19752 0.397962 0.0354387
126 0.531751 0.466396 1.3329 0.608226 0.0432344
127 0.529092 0.320724 1.34627 0.442779 0.0323671
128 0.526447 0.274467 1.34693 0.415632 0.0515742
129 0.523814 0.250499 1.34804 0.468353 0.0402432
130 0.521195 0.405848 1.27094 0.273734 0.0355095
131 0.518589 0.517624 1.27725 0.488569 0.0405844
132 0.515996 0.291095 1.27458 0.235929 0.0382434
133 0.513416 0.162783 1.24359 0.0656298 0.0249068
134 0.510849 0.204295 0.999501 -0.250575 0.00782517
135 0.508295 0.173697 0.958459 -0.235231 0.00683161
136 0.505754 0.358058 1.06135 -0.16062 0.012687
137 0.503225 0.262799 1.06851 -0.202554 0.0117634
138 0.500709 0.130456 1.08838 -0.203698 0.0117017
139 0.498205 0.117925 1.13053 -0.160941 0.0150715
140 0.495714 0.208376 1.04705 -0.240609 0.00878638
141 0.493236 0.189503 1.11335 -0.168566 0.016526
142 0.490769 0.177876 1.22201 0.00337612 0.0218422
143 0.488316 0.179471 1.28342 0.180134 0.0273977
144 0.485874 0.0865147 1.26377 0.103716 0.0224385
145 0.483445 0.135064 1.24301 0.021683 0.0225746
146 0.481027 0.106907 1.0545 -0.240437 0.00896918
147 0.478622 0.0782652 1.0187 -0.241592 0.00895507
148 0.476229 0.236015 1.01886 -0.244064 0.00987043
149 0.473848 0.378692 0.974212 -0.252691 0.00834923
150 0.471479 0.363049 0.876526 -0.250169 0.00630117
151 0.469121 0.0915976 1.01659 -0.241557 0.00854361
152 0.466776 0.102093 0.925879 -0.223404 0.0067662
153 0.464442 0.227288 0.942891 -0.244956 0.00679997
154 0.46212 0.166644 1.01209 -0.234899 0.00813713
155 0.459809 0.283944 0.938603 -0.256066 0.00729268
156 0.45751 0.201173 0.923608 -0.24863 0.00552274
157 0.455222 0.309193 0.910037 -0.254511 0.00748237
158 0.452946 0.364735 1.04529 -0.201926 0.0108969
159 0.450682 0.432303 1.06813 -0.140621 0.016041
160 0.448428 0.451646 0.939824 -0.246442 0.00942208
161 0.446186 0.399372 0.901379 -0.26015 0.00750912
162 0.443955 0.208953 0.858688 -0.202948 0.00674109
163 0.441735 0.260914 0.938338 -0.258545 0.00647343
164 0.439527 0.369441 0.999691 -0.241413 0.00891688
165 0.437329 0.163507 1.04277 -0.239122 0.0111564
166 0.435142 0.11926 1.22519 0.0264488 0.0294969
167 0.432967 0.269271 1.32122 0.309712 0.0315879
168 0.430802 0.183833 1.21789 -0.0145919 0.0220299
169 0.428648 0.166274 1.39833 0.568639 0.0386746
170 0.426505 0.189926 1.32916 0.32877 0.0296745
171 0.424372 0.361897 1.24514 0.146102 0.0258266
172 0.42225 0.0423845 1.17503 -0.103359 0.0172293
173 0.420139 0.0305668 1.19455 -0.0608264 0.0188009
174 0.418038 0.042035 1.14837 -0.115128 0.0266016
175 0.415948 0.0684574 1.10018 -0.182396 0.0130892
176 0.413868 0.016747 1.11348 -0.192023 0.0135145
177 0.411799 0.121927 1.07004 -0.223721 0.00947557
178 0.40974 0.0163607 1.12427 -0.18631 0.0130458
179 0.407691 0.129543 0.949917 -0.248273 0.00807402
180 0.405653 0.04772 1.05371 -0.259287 0.00810052
181 0.403625 0.0635475 1.10416 -0.219763 0.0114067
182 0.401606 0.0492595 1.07932 -0.220244 0.0106975
183 0.399598 0.0332759 1.267 0.119329 0.0247588
184 0.3976 0.0778177 1.3153 0.255578 0.027142
185 0.395612 0.0380056 1.28791 0.118648 0.0243227
186 0.393634 0.000654051 1.2167 -0.069531 0.0172315
187 0.391666 0.00402653 1.12052 -0.189127 0.0111973
188 0.389708 0.00812523 1.14472 -0.176161 0.0130221
189 0.387759 0.0918999 0.99246 -0.246261 0.00793213
190 0.385821 0.0493166 1.04941 -0.240946 0.00930713
191 0.383891 0.228428 1.12704 -0.147902 0.0157318
192 0.381972 0.196352 0.920608 -0.240988 0.00637495
193 0.380062 0.38836 0.828579 -0.235645 0.00640598
194 0.378162 0.476165 0.886415 -0.273689 0.00597764
195 0.376271 0.564918 0.915087 -0.243841 0.0135281
196 0.37439 0.638635 0.865748 -0.281093 0.00739475
197 0.372518 0.500794 0.742571 -0.255918 0.00464651
198 0.370655 0.602893 0.800267 -0.309402 0.00685021
199 0.368802 0.649341 1.00742 -0.0897123 0.0177537
200 0.366958 0.725165 1.0332 0.0575044 0.0178545
201 0.365123 0.682151 1.04528 0.0473186 0.02107
202 0.363297 0.852357 1.06113 0.441205 0.0328442
203 0.361481 0.756232 1.13688 0.396549 0.0277455
204 0.359674 0.70833 1.12307 0.327008 0.0303783
205 0.357875 0.654145 1.00039 -0.111207 0.0166912
206 0.356086 0.619913 0.892657 -0.26811 0.00854565
207 0.354305 0.802244 0.773617 -0.31389 0.00898367
208 0.352534 0.839182 0.834205 -0.186525 0.0132546
209 0.350771 0.824623 0.896506 -0.0891409 0.0158964
210 0.349017 0.942625 0.871232 0.0859107 0.0197395
211 0.347272 0.899815 0.976148 0.322813 0.0289765
212 0.345536 1.0568 0.904758 0.577172 0.0292327
213 0.343808 0.800259 0.854171 -0.195762 0.0134967
214 0.342089 0.809864 0.834842 -0.205354 0.012432
215 0.340379 0.693966 0.809454 -0.320455 0.00745791
216 0.338677 0.639775 0.799782 -0.313863 0.00718856
217 0.336983 0.561213 0.928685 -0.238025 0.010636
218 0.335298 0.365159 0.813548 -0.208239 0.00531317
219 0.333622 0.0615565 0.693782 0.0936609 0.00853558
220 0.331954 0.118 0.668132 0.113727 0.00966669
221 0.330294 0.0871435 0.560227 0.465628 0.0119666
222 0.328643 0.0456493 0.52699 0.599734 0.0152758
223 0.326999 0.00739759 0.542827 0.543461 0.0135237
224 0.325364 0.0172387 0.625246 0.265691 0.0113832
225 0.323738 0.0182998 0.390549 1.49141 0.0278799
226 0.322119 0.131828 0.652935 0.154423 0.011554
227 0.320508 0.0278683 0.756699 -0.0346392 0.00679105
228 0.318906 0.0280084 0.728815 0.0256613 0.00831315
229 0.317311 0.254738 0.770822 -0.128208 0.00590397
230 0.315725 0.42688 0.814412 -0.247588 0.00527587
231 0.314146 0.389122 0.803293 -0.215794 0.00580152
232 0.312575 0.433566 0.746452 -0.206416 0.00601516
233 0.311012 0.462881 0.710017 -0.201766 0.00568064
234 0.309457 0.406832 0.607133 -0.0428793 0.00769929
235 0.30791 0.377528 0.695868 -0.111258 0.00642125
236 0.306371 0.24515 0.862184 -0.208571 0.00669352
237 0.304839 0.271912 0.700719 -0.0179022 0.00812709
238 0.303315 0.203748 0.883046 -0.219314 0.00660892
239 0.301798 0.256111 0.910118 -0.242928 0.00575722
240 0.300289 0.0575295 0.760015 -0.0370213 0.00819989
241 0.298788 0.189446 0.884373 -0.219694 0.00555401
242 0.297294 0.364073 0.886681 -0.242052 0.00635693
243 0.295807 0.374854 0.780769 -0.210422 0.00647049
244 0.294328 0.193085 0.942592 -0.242951 0.00741526
245 0.292856 0.123721 0.760393 -0.055528 0.00758211
246 0.291392 0.141632 0.713419 0.017053 0.00768682
247 0.289935 0.0563655 0.694125 0.0905152 0.00796646
248 0.288486 0.202992 0.860126 -0.201453 0.00590909
249 0.287043 0.438465 0.768849 -0.222717 0.00544417
250 0.285608 0.319547 0.766077 -0.143204 0.00613931
251 0.28418 0.29129 0.815442 -0.191693 0.00593367
252 0.282759 0.207949 0.830588 -0.171255 0.00707076
253 0.281345 0.218773 0.649646 0.10308 0.00828188
254 0.279938 0.146591 0.971438 -0.261087 0.00609652
255 0.278539 0.122781 0.989712 -0.25163 0.00708477
256 0.277146 0.0113243 0.986821 -0.251127 0.00798676
257 0.27576 0.0419778 1.08874 -0.228348 0.00970849
258 0.274382 0.128647 1.08701 -0.209537 0.0105557
259 0.27301 0.0557682 0.966724 -0.257726 0.00749648
260 0.271645 0.184201 0.780768 -0.112364 0.00688972
261 0.270286 0.0785322 0.831135 -0.128604 0.00693397
262 0.268935 0.16954 0.963561 -0.260898 0.00648733
263 0.26759 0.0375161 1.06176 -0.229168 0.0102017
264 0.266252 0.121016 0.946242 -0.254032 0.00607531
265 0.264921 0.218563 1.08479 -0.192735 0.0124446
266 0.263596 0.267189 1.0046 -0.242112 0.00963625
267 0.262278 0.42971 0.95363 -0.252368 0.00884408
268 0.260967 0.299738 1.06277 -0.181291 0.0138477
269 0.259662 0.200085 0.974547 -0.262635 0.00587704
270 0.258364 0.285816 0.92534 -0.244341 0.00697735
271 0.257072 0.337082 1.12664 -0.0980809 0.013605
272 0.255787 0.489865 1.06474 -0.120608 0.0140414
273 0.254508 0.462382 0.838862 -0.262298 0.00632937
274 0.253235 0.335753 0.906263 -0.249192 0.00681952
275 0.251969 0.531369 0.899644 -0.286658 0.00714555
276 0.250709 0.573677 0.937132 -0.247355 0.00910016
277 0.249456 0.657481 0.933219 -0.19472 0.0119392
278 0.248208 0.823598 0.977346 0.0758861 0.0203449
279 0.246967 0.683302 1.11807 0.197464 0.0290801
280 0.245733 0.559985 0.890716 -0.272819 0.00946155
281 0.244504 0.47874 0.887144 -0.270354 0.00577215
282 0.243281 0.515861 0.90373 -0.256849 0.00974394
283 0.242065 0.492804 0.82626 -0.270572 0.00703435
284 0.240855 0.485443 0.865895 -0.270448 0.0072905
285 0.23965 0.540885 0.924231 -0.270109 0.0075759
286 0.238452 0.640533 0.939194 -0.196197 0.0116045
287 0.23726 0.598783 1.02524 -0.106124 0.0152217
288 0.236074 0.62872 0.947154 -0.195671 0.0115956
289 0.234893 0.355686 1.0059 -0.24007 0.00954694
290 0.233719 0.327571 0.955335 -0.256742 0.00808593
291 0.23255 0.259746 0.840439 -0.197084 0.00631468
292 0.231387 0.254008 0.758456 -0.10588 0.00718535
293 0.23023 0.199168 0.780893 -0.114646 0.00722841
294 0.229079 0.126053 0.76185 -0.0503829 0.00793539
295 0.227934 0.089 0.753251 -0.0313256 0.00755787
296 0.226794 0.226918 0.74973 -0.0775008 0.00657798
297 0.22566 0.00561796 0.828954 -0.137489 0.00666261
298 0.224532 0.207014 0.853237 -0.180815 0.005825
299 0.223409 0.115714 0.970035 -0.228641 0.00971562
300 0.222292 0.103951 0.96895 -0.238555 0.00823403
301 0.221181 0.0802189 0.904429 -0.220815 0.00586062
302 0.220075 0.0355499 1.01194 -0.240316 0.00887168
303 0.218974 0.0309233 0.902492 -0.203074 0.00774852
304 0.21788 0.0128621 1.00344 -0.258506 0.00708166
305 0.21679 0.0423077 1.17352 -0.116005 0.0159181
306 0.215706 0.211131 1.15625 -0.123135 0.0148351
307 0.214628 0.087291 1.02683 -0.243148 0.00809555
308 0.213555 0.014338 1.1081 -0.203764 0.0106717
309 0.212487 0.00706179 1.06718 -0.223499 0.0128164
310 0.211424 0.0937887 1.09795 -0.192154 0.0127147
311 0.210367 0.00748164 0.931929 -0.228097 0.00533159
312 0.209315 0.0208884 0.869571 -0.191604 0.00731099
313 0.208269 0.0890343 0.888078 -0.208895 0.00652293
314 0.207227 0.188424 0.838319 -0.176686 0.00656053
315 0.206191 0.120369 0.822521 -0.144759 0.00640925
316 0.20516 0.0431412 0.986736 -0.248571 0.00775793
317 0.204135 0.186856 0.899448 -0.207189 0.00756821
318 0.203114 0.12133 0.801714 -0.125712 0.00605131
319 0.202098 0.372625 0.759402 -0.171073 0.00661936
320 0.201088 0.320348 0.822263 -0.206626 0.00666864
321 0.200082 0.378104 0.685714 -0.0970552 0.00689443
322 0.199082 0.322284 0.87895 -0.236172 0.0065897
323 0.198087 0.478701 1.1878 0.160395 0.0267421
324 0.197096 0.0992138 0.896723 -0.203345 0.00605867
325 0.196111 0.18371 1.13855 -0.127826 0.0166372
326 0.19513 0.0128481 1.2724 0.0953338 0.0258311
327 0.194154 0.0916049 1.29062 0.126467 0.0271236
328 0.193184 0.0827345 1.25063 0.0605366 0.0234267
329 0.192218 0.128904 1.05438 -0.248026 0.0088504
330 0.191257 0.00271358 1.12505 -0.193125 0.0133691
331 0.1903 0.0067701 1.25369 0.0281498 0.0185004
332 0.189349 0.0898722 1.21348 -0.061379 0.0182562
333 0.188402 0.187684 1.14631 -0.142385 0.0146362
334 0.18746 0.0778923 1.24087 0.0151872 0.0229789
335 0.186523 0.103348 1.20242 -0.057241 0.019886
336 0.18559 0.430875 1.46636 1.20767 0.0622575
337 0.184662 0.0674512 1.07049 -0.226771 0.00967086
338 0.183739 0.151584 1.0544 -0.236891 0.00875323
339 0.18282 0.215913 1.05867 -0.213398 0.01209
340 0.181906 0.145251 0.972552 -0.253992 0.00595825
341 0.180997 0.132153 0.858156 -0.187484 0.00578827
342 0.180092 0.0815713 0.651946 0.177524 0.0101488
343 0.179191 0.143527 0.672015 0.0941434 0.00897134
344 0.178295 0.0139193 0.664669 0.166954 0.0102583
345 0.177404 0.0077503 0.787571 -0.0836311 0.00767357
346 0.176517 0.0716884 0.739532 -0.0104552 0.00725052
347 0.175634 0.193459 0.636889 0.158818 0.00894606
348 0.174756 0.0690864 0.66109 0.152101 0.00904858
349 0.173882 0.0756172 0.693794 0.0862559 0.00980773
350 0.173013 0.0865494 0.680371 0.0989785 0.00975843
351 0.172148 0.0837959 0.864486 -0.191127 0.00629102
352 0.171287 0.058931 0.952523 -0.236808 0.0069037
353 0.170431 0.02903 0.841337 -0.151497 0.00598002
354 0.169578 0.309643 0.888339 -0.236278 0.00599537
355 0.168731 0.354675 0.982874 -0.246538 0.00773251
356 0.167887 0.300912 0.839187 -0.201547 0.00610759
357 0.167047 0.212191 0.790757 -0.13643 0.00593478
358 0.166212 0.115318 0.943192 -0.231901 0.00758615
359 0.165381 0.0716198 1.0457 -0.244887 0.0083996
360 0.164554 0.047167 0.990237 -0.243242 0.00817746
361 0.163731 0.129617 0.988926 -0.262725 0.00694372
362 0.162913 0.158627 1.04434 -0.23032 0.00924423
363 0.162098 0.0520895 1.11243 -0.193154 0.012212
364 0.161288 0.14883 1.10088 -0.20642 0.0117567
365 0.160481 0.243559 1.21933 0.0521055 0.0255018
366 0.159679 0.17524 0.932488 -0.241268 0.0066837
367 0.158881 0.236433 0.929531 -0.238624 0.00719714
368 0.158086 0.278046 1.02162 -0.237398 0.00960977
369 0.157296 0.256869 1.25349 0.148753 0.0289413
370 0.156509 0.384914 1.02854 -0.213742 0.0102946
371 0.155727 0.337974 0.990311 -0.231399 0.0132064
372 0.154948 0.318058 0.875328 -0.236082 0.00549574
373 0.154173 0.490431 0.800444 -0.268378 0.00613459
374 0.153402 0.521631 0.7506 -0.274334 0.005462
375 0.152635 0.669377 0.82479 -0.305645 0.00849863
376 0.151872 0.641589 0.762117 -0.331317 0.00615616
377 0.151113 0.550855 0.740606 -0.298787 0.00471981
378 0.150357 0.714142 0.830944 -0.304156 0.00821987
379 0.149606 0.821805 0.708039 -0.397114 0.00462558
380 0.148857 0.705056 0.789887 -0.322491 0.00572719
381 0.148113 0.6946 0.656426 -0.397738 0.00360524
382 0.147373 0.928851 0.619831 -0.388338 0.00394849
383 0.146636 0.972734 0.70992 -0.197638 0.0125486
384 0.145903 1.00298 0.529181 -0.211064 0.00486662
385 0.145173 0.974792 0.524299 -0.235693 0.00488683
386 0.144447 0.938349 0.671973 -0.326499 0.00604974
387 0.143725 0.980663 0.487296 -0.125532 0.00649661
388 0.143006 0.974766 0.556841 -0.289387 0.00443526
389 0.142291 1.02762 0.272085 2.03922 0.0413531
390 0.14158 0.974446 0.645976 -0.295193 0.00652274
391 0.140872 0.808416 0.678432 -0.417622 0.00397086
392 0.140168 1.06165 0.62842 -0.136142 0.00787343
393 0.139467 0.816601 0.565244 -0.421651 0.00352243
394 0.138769 0.718386 0.551857 -0.390503 0.00406172
395 0.138076 0.58688 0.596386 -0.295152 0.00421866
396 0.137385 0.573963 0.627132 -0.29337 0.00436957
397 0.136698 0.508621 0.557032 -0.149043 0.00524189
398 0.136015 0.700823 0.664761 -0.402758 0.00337349
399 0.135335 0.689432 0.709739 -0.376412 0.00484494
400 0.134658 0.686546 0.598472 -0.397229 0.00276038
401 0.133985 0.668767 0.61875 -0.387221 0.00279613
402 0.133315 0.688285 0.86977 -0.253545 0.0102644
403 0.132648 0.63888 0.755969 -0.33322 0.00577423
404 0.131985 0.58392 0.781189 -0.309691 0.00538323
405 0.131325 0.503747 0.73801 -0.265715 0.0056152
406 0.130668 0.541294 0.845376 -0.283379 0.0067385
407 0.130015 0.438902 0.715078 -0.191466 0.00570784
408 0.129365 0.484787 0.924018 -0.266591 0.00767591
409 0.128718 0.492303 0.895 -0.265814 0.00755451
410 0.128075 0.573333 0.74721 -0.301188 0.00516074
411 0.127434 0.674108 0.58962 -0.385567 0.00314357
412 0.126797 0.741395 0.735557 -0.378005 0.00555408
413 0.126163 0.713767 0.76935 -0.353104 0.00538621
414 0.125532 0.589236 0.905031 -0.261705 0.00880721
415 0.124905 0.802621 0.70242 -0.397003 0.00531421
416 0.12428 0.598108 0.742208 -0.331893 0.00438945
417 0.123659 0.521607 0.754092 -0.267092 0.00498252
418 0.12304 0.520434 0.699176 -0.254766 0.00522502
419 0.122425 0.439112 0.650779 -0.143264 0.00615187
420 0.121813 0.565368 0.838704 -0.277066 0.00865779
421 0.121204 0.485251 0.764852 -0.258403 0.00554732
422 0.120598 0.58651 0.713372 -0.326643 0.00455705
423 0.119995 0.61375 0.788993 -0.314606 0.00502949
424 0.119395 0.558812 0.815801 -0.297801 0.00579236
425 0.118798 0.557106 0.758411 -0.292456 0.0055254
426 0.118204 0.444135 0.805917 -0.244121 0.00681036
427 0.117613 0.521333 0.761467 -0.29025 0.00518026
428 0.117025 0.332548 0.92151 -0.24741 0.00653991
429 0.11644 0.350445 0.893779 -0.257895 0.00768877
430 0.115858 0.364564 0.739993 -0.150912 0.00637282
431 0.115278 0.00670507 0.911563 -0.221472 0.00666189
432 0.114702 0.129046 0.844616 -0.169723 0.00659549
433 0.114128 0.40299 0.808729 -0.230753 0.00563572
434 0.113558 0.388339 1.03171 -0.210125 0.0115269
435 0.11299 0.45598 1.0253 -0.17618 0.0125862
436 0.112425 0.294686 0.876808 -0.239098 0.00642034
437 0.111863 0.266689 0.904786 -0.238553 0.0070612
438 0.111304 0.129639 0.823696 -0.151123 0.00623933
439 0.110747 0.178205 0.69296 0.0351942 0.00815109
440 0.110193 0.219788 0.951146 -0.252394 0.00694449
441 0.109642 0.131453 0.842579 -0.16209 0.00615387
442 0.109094 0.40454 0.932736 -0.25497 0.00826866
443 0.108549 0.472534 0.74649 -0.23809 0.00564181
444 0.108006 0.550014 0.821355 -0.296404 0.00609359
445 0.107466 0.733022 0.809566 -0.304034 0.00772706
446 0.106929 0.565807 0.782786 -0.312646 0.00553179
447 0.106394 0.449338 0.829867 -0.24866 0.00589092
448 0.105862 0.426073 0.930422 -0.265961 0.00725636
449 0.105333 0.485065 0.821155 -0.270236 0.00605653
450 0.104806 0.411058 0.766475 -0.202283 0.00582658
451 0.104282 0.38944 0.930287 -0.261683 0.00666056
452 0.103761 0.514356 0.877431 -0.2761 0.0069789
453 0.103242 0.466302 0.81519 -0.269519 0.00537602
454 0.102726 0.321097 0.645444 0.00942225 0.00791423
455 0.102212 0.49076 0.848728 -0.267228 0.00601778
456 0.101701 0.390396 0.85693 -0.25315 0.00619753
457 0.101192 0.322374 0.859978 -0.224049 0.00553846
458 0.100686 0.0309763 0.699442 0.0727175 0.00872427
459 0.100183 0.171648 0.926633 -0.235584 0.00644075
460 0.0996821 0.205084 0.882059 -0.230761 0.00636453
461 0.0991837 0.187909 0.757937 -0.0700787 0.00691339
462 0.0986878 0.241439 0.790543 -0.15045 0.0070134
463 0.0981943 0.419216 0.804218 -0.24357 0.00503423
464 0.0977034 0.32019 0.759826 -0.147505 0.00670857
465 0.0972148 0.36169 0.895268 -0.257596 0.00622897
466 0.0967288 0.418068 0.698517 -0.166031 0.00760419
467 0.0962451 0.40934 0.801277 -0.228847 0.00557155
468 0.0957639 0.556835 0.844322 -0.274162 0.00659408
469 0.0952851 0.424134 0.95068 -0.240716 0.0085103
470 0.0948086 0.301809 0.839416 -0.221436 0.00586534
471 0.0943346 0.358866 0.659944 -0.0654334 0.00778557
472 0.0938629 0.344904 0.668217 -0.0471722 0.00879788
473 0.0933936 0.302517 0.683073 -0.0454333 0.00720026
474 0.0929266 0.325731 0.642441 0.00104518 0.00788299
475 0.092462 0.354835 0.713843 -0.114267 0.00642093
476 0.0919997 0.377725 0.711853 -0.136936 0.00630758
477 0.0915397 0.35014 0.729065 -0.13176 0.00645409
478 0.091082 0.223311 0.795704 -0.131196 0.00724751
479 0.0906266 0.331134 0.723817 -0.122956 0.00646044
480 0.0901735 0.276217 0.901058 -0.237032 0.00650479
481 0.0897226 0.286332 0.782412 -0.15799 0.0071486
482 0.089274 0.362129 0.83976 -0.232383 0.00707493
483 0.0888276 0.287764 0.756636 -0.108567 0.00591035
484 0.0883835 0.360322 0.727313 -0.149973 0.00697547
485 0.0879416 0.308679 0.631498 0.0495346 0.0083647
486 0.0875019 0.546676 0.632861 -0.261421 0.00459441
487 0.0870643 0.567833 0.660293 -0.291576 0.00411068
488 0.086629 0.645463 0.631862 -0.363652 0.00339296
489 0.0861959 0.611754 0.63004 -0.329485 0.003695
490 0.0857649 0.74548 0.614499 -0.434765 0.00250739
491 0.0853361 0.723109 0.487851 -0.258542 0.00862154
492 0.0849094 0.765951 0.521444 -0.355855 0.00570658
493 0.0844848 0.843592 0.425117 0.104796 0.0130868
494 0.0840624 0.932354 0.616099 -0.375939 0.00503651
495 0.0836421 0.986691 0.56052 -0.27423 0.00413744
496 0.0832239 1.02437 0.626895 -0.221869 0.00772157
497 0.0828078 1.04399 0.57788 -0.195116 0.00533737
498 0.0823937 1.01859 0.676597 -0.194418 0.00837443
499 0.0819818 1.14148 0.557512 0.0416015 0.00638938
500 0.0815719 0.990065 0.778621 -0.0472649 0.0144865
501 0.081164 1.06513 0.519742 -0.0933539 0.00429426
502 0.0807582 1.2168 0.584299 0.309099 0.0102004
503 0.0803544 0.979135 0.744662 -0.163814 0.0117381
504 0.0799526 1.03347 0.680645 -0.142423 0.0112911
505 0.0795529 0.943593 0.756943 -0.182987 0.0117895
506 0.0791551 0.875141 0.811374 -0.194012 0.0135637
507 0.0787593 0.976249 0.770077 -0.118515 0.0116729
508 0.0783655 0.731991 0.913737 -0.171948 0.0132364
509 0.0779737 0.858681 0.729195 -0.343278 0.00741423
510 0.0775838 0.829368 0.61582 -0.440398 0.00233998
511 0.0771959 0.809009 0.663681 -0.430451 0.0033728
512 0.0768099 0.783892 0.774372 -0.323799 0.00672352
513 0.0764259 0.813077 0.726616 -0.376025 0.00757903
514 0.0760437 0.704877 0.798939 -0.325227 0.00855481
515 0.0756635 0.787003 0.570369 -0.423469 0.00323438
516 0.0752852 0.753161 0.515497 -0.350421 0.00662451
517 0.0749088 0.799456 0.442833 -0.0477895 0.0133512
518 0.0745342 0.581084 0.447272 -0.0736059 0.00873365
519 0.0741616 0.724979 0.595953 -0.417937 0.00289141
520 0.0737908 0.680827 0.56112 -0.371406 0.00300591
521 0.0734218 0.767419 0.541044 -0.383479 0.00484226
522 0.0730547 0.731554 0.596573 -0.428789 0.00233371
523 0.0726894 0.742621 0.530362 -0.370794 0.00474922
524 0.072326 0.683502 0.573801 -0.38462 0.00300454
525 0.0719643 0.7671 0.559585 -0.412314 0.00416329
526 0.0716045 0.544916 0.460284 -0.0900875 0.00808548
527 0.0712465 1.00604 0.587442 -0.2759 0.00446418
528 0.0708903 0.774957 0.636515 -0.437523 0.00310991
529 0.0705358 0.87268 0.636672 -0.413576 0.00407987
530 0.0701831 0.823793 0.504227 -0.301291 0.00710525
531 0.0698322 0.607478 0.571732 -0.312313 0.00442439
532 0.0694831 0.75126 0.767847 -0.347192 0.00645169
533 0.0691356 0.76323 0.661845 -0.425122 0.00376236
534 0.06879 0.628469 0.57982 -0.332282 0.00364273
535 0.068446 0.507014 0.560912 -0.15781 0.0066761
536 0.0681038 0.422026 0.510197 0.0647593 0.00776651
537 0.0677633 0.790417 0.674442 -0.421942 0.00388217
538 0.0674245 0.768176 0.591225 -0.437673 0.00263356
539 0.0670873 0.745148 0.422919 0.060869 0.013182
540 0.0667519 0.913536 0.501287 -0.241166 0.00724088
541 0.0664181 0.832612 0.609064 -0.43839 0.00271541
542 0.066086 0.832416 0.401154 0.288708 0.0157146
543 0.0657556 0.752614 0.501891 -0.30381 0.0064192
544 0.0654268 0.659787 0.305157 1.58403 0.0349302
545 0.0650997 0.784169 0.36595 0.606917 0.0221634
546 0.0647742 0.823506 0.271712 2.18133 0.0417671
547 0.0644503 0.530155 0.521001 -0.154924 0.00564879
548 0.0641281 0.616441 0.373663 0.42315 0.0181242
549 0.0638074 0.285163 0.604921 0.139455 0.00864692
550 0.0634884 0.432741 0.547544 0.00391887 0.0062258
551 0.063171 0.432441 0.535671 0.00433098 0.00763661
552 0.0628551 0.62147 0.540832 -0.294178 0.0050727
553 0.0625408 0.574086 0.66352 -0.301412 0.00447903
554 0.0622281 0.566261 0.660786 -0.293232 0.00514625
555 0.061917 0.503281 0.598219 -0.181962 0.00534381
556 0.0616074 0.569086 0.545225 -0.240399 0.00479228
557 0.0612994 0.480604 0.634089 -0.188236 0.00540576
558 0.0609929 0.524119 0.495698 -0.108535 0.00576244
559 0.0606879 0.496754 0.65681 -0.213254 0.00500782
560 0.0603845 0.419316 0.615881 -0.0853055 0.00650087
561 0.0600825 0.562671 0.883567 -0.273592 0.00664057
562 0.0597821 0.345773 0.989073 -0.247516 0.00918041
563 0.0594832 0.0336727 0.834818 -0.148313 0.0059314
564 0.0591858 0.00989266 0.85862 -0.177272 0.00604158
565 0.0588899 0.177225 0.910781 -0.23696 0.00533149
566 0.0585954 0.156357 1.17359 -0.106435 0.0156754
567 0.0583024 0.209315 0.990923 -0.261268 0.00669512
568 0.0580109 0.195236 0.769937 -0.0919653 0.00616499
569 0.0577209 0.334548 1.02048 -0.242912 0.00833047
570 0.0574323 0.271006 0.881589 -0.226191 0.006515
571 0.0571451 0.202047 0.795568 -0.124115 0.00643093
572 0.0568594 0.293931 0.744131 -0.0973068 0.00760333
573 0.0565751 0.0860807 0.801115 -0.112872 0.00646421
574 0.0562922 0.429395 0.913334 -0.251963 0.00719759
575 0.0560108 0.354614 0.917953 -0.244189 0.00743932
576 0.0557307 0.269183 0.868532 -0.217525 0.00701351
577 0.055452 0.337167 0.914417 -0.241911 0.00735367
578 0.0551748 0.302084 0.897107 -0.237086 0.00645423
579 0.0548989 0.366858 0.881822 -0.247619 0.00552454
580 0.0546244 0.261046 0.816725 -0.179033 0.00652975
581 0.0543513 0.27057 0.990749 -0.261233 0.0095789
582 0.0540795 0.365058 1.06705 -0.166739 0.0144693
583 0.0538091 0.416591 0.898481 -0.261056 0.00784202
584 0.0535401 0.530467 0.908428 -0.270391 0.00843626
585 0.0532724 0.412219 1.01475 -0.207734 0.0123955
586 0.053006 0.391437 0.857236 -0.250127 0.00604784
587 0.052741 0.464928 0.930738 -0.247408 0.00805215
588 0.0524773 0.509687 0.918294 -0.268927 0.00686478
589 0.0522149 0.541995 0.837211 -0.291075 0.00581596
590 0.0519538 0.511612 0.911421 -0.255687 0.00864008
591 0.0516941 0.502134 0.883366 -0.272973 0.0100942
592 0.0514356 0.449415 0.804252 -0.25659 0.00528989
593 0.0511784 0.664208 0.768644 -0.340825 0.00599181
594 0.0509225 0.682398 0.792266 -0.321415 0.00695701
595 0.0506679 0.739167 0.883283 -0.182946 0.0121989
596 0.0504146 0.587302 0.713855 -0.318562 0.00494784
597 0.0501625 0.484996 0.73892 -0.243635 0.0052961
598 0.0499117 0.398512 0.84919 -0.251743 0.0073805
599 0.0496621 0.615642 0.823712 -0.300114 0.00688746
600 0.0494138 0.604566 0.872099 -0.278225 0.00848338
601 0.0491668 0.567732 0.710401 -0.306363 0.00479966
602 0.0489209 0.641497 0.629633 -0.357426 0.0029788
603 0.0486763 0.762818 0.591243 -0.435094 0.00254308
604 0.0484329 0.813713 0.614257 -0.442566 0.00261273
605 0.0481908 0.691099 0.635001 -0.404664 0.00304983
606 0.0479498 0.549918 0.640765 -0.26165 0.00459519
607 0.0477101 0.612795 0.629011 -0.336051 0.0033473
608 0.0474715 0.731805 0.524618 -0.3524 0.00538763
609 0.0472342 0.907122 0.627821 -0.394527 0.00452479
610 0.046998 0.911927 0.550673 -0.351927 0.00430669
611 0.046763 0.744116 0.557928 -0.404363 0.0035758
612 0.0465292 0.649607 0.751892 -0.346307 0.00531995
613 0.0462965 0.58493 0.54147 -0.248804 0.00484433
614 0.0460651 0.836741 0.494559 -0.263492 0.00764524
615 0.0458347 0.82052 0.735234 -0.370091 0.00567105
616 0.0456056 0.761216 0.82081 -0.280831 0.00987699
617 0.0453775 0.953748 0.812624 -0.0592594 0.0170925
618 0.0451506 0.733809 0.904112 -0.189321 0.0131645
619 0.0449249 0.845058 0.612937 -0.437547 0.00272261
620 0.0447003 0.847059 0.455707 -0.0811893 0.00938291
621 0.0444768 0.743855 0.648702 -0.429156 0.0027652
622 0.0442544 0.669149 0.706816 -0.377563 0.00365702
623 0.0440331 0.670842 0.687402 -0.384951 0.00367604
624 0.0438129 0.673018 0.730831 -0.362311 0.00499308
625 0.0435939 0.697631 0.687399 -0.392561 0.0038951
626 0.0433759 0.585207 0.819149 -0.306638 0.00584438
627 0.043159 0.585151 0.702034 -0.307234 0.0040858
628 0.0429432 0.675749 0.720903 -0.361883 0.00523412
629 0.0427285 0.743651 0.719249 -0.389533 0.00503367
630 0.0425149 0.819635 0.8196 -0.236993 0.0115492
631 0.0423023 0.80906 0.611515 -0.446358 0.0022923
632 0.0420908 0.726667 0.496269 -0.300035 0.00672353
633 0.0418803 0.85915 0.599456 -0.431579 0.00336302
634 0.0416709 0.827564 0.599197 -0.438519 0.00272439
635 0.0414626 0.754964 0.592025 -0.432412 0.00244958
636 0.0412553 0.830634 0.50539 -0.301209 0.00679405
637 0.041049 0.740918 0.50723 -0.324743 0.00626454
638 0.0408437 0.717863 0.604115 -0.420294 0.00277489
639 0.0406395 0.489422 0.526966 -0.0950175 0.00612651
640 0.0404363 0.796032 0.488288 -0.255914 0.00741021
641 0.0402341 0.74059 0.587104 -0.426353 0.00234736
642 0.040033 0.672688 0.547023 -0.352478 0.00411549
643 0.0398328 0.838447 0.632337 -0.435368 0.00306286
644 0.0396336 0.778408 0.71553 -0.394268 0.0048662
645 0.0394355 0.67932 0.728179 -0.368935 0.0046357
646 0.0392383 0.824701 0.640311 -0.436774 0.00347741
647 0.0390421 0.940221 0.57912 -0.35321 0.00407351
648 0.0388469 0.756665 0.708336 -0.39889 0.00373048
649 0.0386527 0.690842 0.710052 -0.376656 0.0040915
650 0.0384594 0.554823 0.618568 -0.267309 0.00481481
651 0.0382671 0.729647 0.781276 -0.352034 0.00631343
652 0.0380758 0.788091 0.824338 -0.253561 0.0122302
653 0.0378854 0.631791 0.623264 -0.346831 0.00331145
654 0.037696 0.527467 0.685684 -0.248026 0.00461692
655 0.0375075 0.708991 0.9128 -0.184584 0.0133934
656 0.0373199 0.527459 0.527167 -0.156906 0.00498548
657 0.0371333 0.69468 0.707256 -0.38737 0.00404518
658 0.0369477 0.513345 0.713639 -0.257601 0.00557046
659 0.0367629 0.641209 0.707193 -0.361468 0.0040225
660 0.0365791 0.786358 0.838999 -0.240558 0.0124808
661 0.0363962 0.613633 0.647943 -0.337544 0.00383485
662 0.0362142 0.68818 0.661934 -0.404308 0.00265691
663 0.0360332 0.779811 0.617727 -0.441086 0.00233937
664 0.035853 0.718832 0.682659 -0.407814 0.00373234
665 0.0356737 0.874506 0.736689 -0.324229 0.0076278
666 0.0354954 0.680553 0.630142 -0.392583 0.00318606
667 0.0353179 0.759945 0.708627 -0.395221 0.00441609
668 0.0351413 0.715406 0.658455 -0.414385 0.00327959
669 0.0349656 0.729727 0.585238 -0.41685 0.00307697
670 0.0347908 0.797012 0.697767 -0.406587 0.00481626
671 0.0346168 0.648239 0.549382 -0.328743 0.00365856
672 0.0344437 0.907306 0.591531 -0.392123 0.00339759
673 0.0342715 0.934904 0.756605 -0.202184 0.0110003
674 0.0341002 1.00799 0.677539 -0.205841 0.0113543
675 0.0339297 1.00656 0.600108 -0.269964 0.00450561
676 0.03376 0.865742 0.476673 -0.176058 0.0100471
677 0.0335912 1.09722 0.424331 0.261088 0.00951861
678 0.0334233 0.879378 0.512784 -0.2997 0.00601051
679 0.0332561 0.768429 0.539587 -0.386039 0.00489343
680 0.0330899 0.86235 0.539007 -0.368685 0.00440622
681 0.0329244 0.480547 0.533337 -0.0817461 0.00579758
682 0.0327598 0.756689 0.441126 -0.0481877 0.0120593
683 0.032596 0.752305 0.539667 -0.382198 0.00445667
684 0.032433 0.908073 0.690581 -0.348255 0.00770912
685 0.0322708 0.713039 0.607222 -0.416958 0.00249704
686 0.0321095 0.785083 0.625879 -0.445926 0.00229055
687 0.0319489 0.543472 0.719423 -0.27951 0.00453826
688 0.0317892 0.550597 0.67467 -0.285911 0.0042385
689 0.0316303 0.887817 0.796177 -0.200794 0.0123185
690 0.0314721 0.945023 0.555457 -0.327715 0.0037136
691 0.0313147 0.680165 0.529383 -0.33098 0.00502678
692 0.0311582 0.889753 0.487812 -0.206195 0.0077675
693 0.0310024 0.671242 0.741356 -0.361571 0.00474224
694 0.0308474 0.74311 0.55309 -0.405966 0.00360522
695 0.0306931 0.771711 0.689645 -0.412432 0.004554
696 0.0305397 0.710884 0.752501 -0.36005 0.00631036
697 0.030387 0.797845 0.693039 -0.407653 0.00416281
698 0.030235 0.80243 0.715425 -0.390129 0.00581878
699 0.0300839 0.904238 0.688904 -0.348143 0.00673781
700 0.0299334 0.800277 0.710201 -0.398587 0.00552825
701 0.0297838 0.784841 0.704841 -0.407644 0.00424621
702 0.0296348 0.704573 0.715957 -0.381612 0.00431604
703 0.0294867 0.743264 0.848723 -0.239418 0.0108551
704 0.0293392 0.70699 0.654731 -0.41269 0.00268447
705 0.0291925 0.676666 0.415666 0.102909 0.0146934
706 0.0290466 0.656231 0.423853 0.0323114 0.0132761
707 0.0289013 0.696725 0.881379 -0.231601 0.0111245
708 0.0287568 0.551954 0.517865 -0.18179 0.00484701
709 0.0286131 0.618478 0.589262 -0.328907 0.00369712
710 0.02847 0.774778 0.686737 -0.417155 0.00428105
711 0.0283276 0.607717 0.689423 -0.335025 0.0039108
712 0.028186 0.834598 0.73408 -0.349614 0.00752341
713 0.0280451 0.83315 0.640961 -0.43603 0.00368213
714 0.0279048 0.905708 0.639255 -0.389406 0.00426992
715 0.0277653 0.910107 0.587563 -0.394099 0.0033747
716 0.0276265 0.993097 0.721036 -0.160461 0.0111622
717 0.0274884 0.912107 0.476894 -0.130573 0.00717345
718 0.0273509 0.765396 0.544694 -0.39927 0.00443872
719 0.0272142 0.741932 0.492298 -0.267464 0.00783625
720 0.0270781 0.898296 0.557509 -0.370346 0.00411341
721 0.0269427 0.857136 0.531884 -0.351546 0.00488816
722 0.026808 0.843611 0.722431 -0.366764 0.00664324
723 0.026674 0.80362 0.582929 -0.436634 0.00248012
724 0.0265406 0.931618 0.685101 -0.317159 0.00814626
725 0.0264079 0.663932 0.42303 0.0306918 0.014388
726 0.0262758 0.712738 0.568015 -0.399981 0.00305949
727 0.0261445 0.865225 0.741949 -0.320448 0.00820778
728 0.0260137 0.894235 0.531736 -0.327104 0.00443699
729 0.0258837 0.664029 0.536348 -0.339254 0.00482369
730 0.0257543 0.896519 0.665635 -0.379079 0.00513192
731 0.0256255 0.867536 0.714429 -0.352627 0.00805126
732 0.0254974 0.844094 0.459965 -0.134065 0.00906105
733 0.0253699 0.525292 0.701949 -0.264186 0.00514876
734 0.025243 0.630184 0.581617 -0.335972 0.00316822
735 0.0251168 0.704216 0.500596 -0.294841 0.00677131
736 0.0249912 0.82725 0.60368 -0.440963 0.00228772
737 0.0248663 0.737644 0.41916 0.107625 0.0149088
738 0.0247419 0.964478 0.792879 -0.0731745 0.0138143
739 0.0246182 0.766295 0.571316 -0.427022 0.0029899
740 0.0244951 0.78839 0.538404 -0.38284 0.00476022
741 0.0243727 0.714293 0.582597 -0.403846 0.00286004
742 0.0242508 0.916774 0.668221 -0.356666 0.0058846
743 0.0241295 0.676112 0.559372 -0.372501 0.00429589
744 0.0240089 0.915595 0.75393 -0.235254 0.0108673
745 0.0238888 0.812736 0.606744 -0.443484 0.00270766
746 0.0237694 0.857085 0.826094 -0.196836 0.012738
747 0.0236506 0.781926 0.796585 -0.303142 0.00773429
748 0.0235323 0.842827 0.575976 -0.421226 0.00310127
749 0.0234146 0.63909 0.487497 -0.21876 0.00668187
750 0.0232976 1.01792 0.699143 -0.161195 0.0100264
751 0.0231811 0.73208 0.591262 -0.422797 0.0024714
752 0.0230652 0.616662 0.609843 -0.339241 0.00395779
753 0.0229498 0.776659 0.469849 -0.191952 0.00941379
754 0.0228351 0.674775 0.73874 -0.366482 0.00523931
755 0.0227209 0.893384 0.598819 -0.407878 0.00344018
756 0.0226073 0.61479 0.650157 -0.334061 0.00374186
757 0.0224943 0.743155 0.408143 0.195963 0.0149654
758 0.0223818 0.719968 0.643328 -0.417834 0.00245075
759 0.0222699 0.77353 0.65005 -0.432609 0.00313779
760 0.0221586 0.731824 0.800449 -0.301625 0.00802392
761 0.0220478 0.925739 0.612537 -0.386941 0.0034527
762 0.0219375 0.86698 0.472785 -0.160119 0.00971834
763 0.0218278 0.65629 0.548725 -0.345779 0.0042387
764 0.0217187 0.790064 0.663018 -0.430286 0.00298644
765 0.0216101 0.659152 0.602984 -0.374364 0.00293653
766 0.021502 0.902843 0.607741 -0.406097 0.00358958
767 0.0213945 0.710863 0.563688 -0.399997 0.00302855
768 0.0212876 0.736447 0.699107 -0.40724 0.00441023
769 0.0211811 0.694809 0.721218 -0.384781 0.00454037
770 0.0210752 0.68593 0.579961 -0.395768 0.00327177
771 0.0209698 0.613781 0.614917 -0.330973 0.00356289
772 0.020865 0.749741 0.49578 -0.294741 0.00732914
773 0.0207607 0.738593 0.515754 -0.340857 0.00555799
774 0.0206569 0.72696 0.518448 -0.340711 0.00547093
775 0.0205536 0.58611 0.532285 -0.248726 0.00539027
776 0.0204508 0.622947 0.573394 -0.32152 0.00374527
777 0.0203486 0.693672 0.685809 -0.394498 0.00333144
778 0.0202468 0.951251 0.683491 -0.298698 0.00809935
779 0.0201456 0.631384 0.817786 -0.305085 0.0120328
780 0.0200449 0.657895 0.670949 -0.376667 0.00338056
781 0.0199446 0.694604 0.675267 -0.399069 0.00305573
782 0.0198449 0.67153 0.595851 -0.387482 0.00287024
783 0.0197457 0.598855 0.528651 -0.258796 0.00475513
784 0.019647 0.608805 0.75119 -0.327911 0.00547997
785 0.0195487 0.562489 0.812969 -0.292502 0.00674932
786 0.019451 0.607233 0.724286 -0.336145 0.004591
787 0.0193537 0.824899 0.617736 -0.442615 0.00399452
788 0.019257 0.882689 0.60494 -0.414432 0.00299197
789 0.0191607 0.832054 0.663964 -0.42673 0.00313576
790 0.0190649 0.868029 0.627606 -0.428577 0.0039526
791 0.0189695 0.781664 0.799118 -0.296673 0.00942605
792 0.0188747 0.950036 0.542343 -0.29895 0.00472742
793 0.0187803 0.803081 0.662534 -0.42735 0.00384552
794 0.0186864 0.822173 0.84773 -0.177524 0.0137143
795 0.018593 0.864205 0.536153 -0.354018 0.00468542
796 0.0185 0.885734 0.688069 -0.362759 0.00720983
797 0.0184075 0.690659 0.652602 -0.400814 0.00249583
798 0.0183155 0.792948 0.649199 -0.431346 0.00375576
799 0.0182239 0.868801 0.682137 -0.397329 0.00526379
800 0.0181328 0.598758 0.639741 -0.324518 0.0040493
801 0.0180421 0.778936 0.749022 -0.350021 0.00685203
802 0.0179519 0.690122 0.672482 -0.397208 0.00309005
803 0.0178622 0.769069 0.643334 -0.434726 0.00305227
804 0.0177728 0.755198 0.720515 -0.379295 0.00518004
805 0.017684 0.655765 0.603415 -0.372356 0.00298851
806 0.0175956 0.8546 0.738317 -0.327808 0.00912308
807 0.0175076 0.904807 0.577317 -0.385803 0.00340073
808 0.01742 0.745101 0.578013 -0.42452 0.00289775
809 0.0173329 0.928078 0.541541 -0.32395 0.00426208
810 0.0172463 0.758757 0.672719 -0.414279 0.00411823
811 0.01716 0.803583 0.737426 -0.370604 0.00591649
812 0.0170742 0.590773 0.545454 -0.273329 0.00471455
813 0.0169889 0.759165 0.738141 -0.371692 0.00620731
814 0.0169039 0.68329 0.669642 -0.392111 0.00351508
815 0.0168194 0.828309 0.584552 -0.435124 0.00262708
816 0.0167353 0.993469 0.419349 0.17732 0.0130357
817 0.0166516 0.840306 0.559632 -0.405454 0.00362945
818 0.0165684 0.897328 0.709524 -0.34069 0.00641451
819 0.0164855 0.921002 0.607799 -0.391942 0.00369026
820 0.0164031 0.811009 0.833926 -0.198674 0.0162384
821 0.0163211 1.04869 0.630176 -0.173333 0.00727367
822 0.0162395 0.979722 0.733962 -0.172605 0.0102269
823 0.0161583 0.922701 0.504469 -0.243497 0.00583506
824 0.0160775 0.858226 0.46014 -0.110702 0.0101276
825 0.0159971 1.00456 0.604945 -0.275193 0.0045522
826 0.0159171 0.783389 0.490893 -0.267374 0.00722482
827 0.0158375 0.884116 0.646929 -0.405079 0.0047991
828 0.0157584 0.92665 0.682127 -0.335816 0.00678705
829 0.0156796 0.941406 0.684037 -0.317789 0.00727332
830 0.0156012 0.884813 0.76059 -0.281153 0.00931616
831 0.0155232 1.04354 0.546171 -0.174446 0.00441959
832 0.0154455 0.782416 0.53086 -0.378057 0.0056108
833 0.0153683 0.748367 0.839066 -0.255808 0.0115175
834 0.0152915 0.700942 0.497199 -0.281688 0.0065574
835 0.015215 0.917366 0.534872 -0.319292 0.00424447
836 0.0151389 0.884294 0.6018 -0.419923 0.00317385
837 0.0150632 0.985569 0.629431 -0.286644 0.00575351
838 0.0149879 1.01827 0.713334 -0.125137 0.0118103
839 0.014913 0.645281 0.631796 -0.368844 0.00312673
840 0.0148384 0.948296 0.50983 -0.216776 0.00606979
841 0.0147642 0.793438 0.649073 -0.437549 0.00297212
842 0.0146904 0.79677 0.622446 -0.444436 0.00255702
843 0.014617 0.891158 0.587622 -0.405394 0.00353262
844 0.0145439 0.701473 0.623749 -0.413439 0.00286909
845 0.0144712 0.790428 0.739985 -0.355858 0.00811936
846 0.0143988 0.842034 0.690367 -0.392358 0.00763192
847 0.0143268 0.875263 0.636959 -0.411403 0.00421821
848 0.0142552 0.773478 0.609669 -0.442813 0.00242904
849 0.0141839 0.784872 0.719302 -0.396117 0.0048111
850 0.014113 0.706702 0.634251 -0.420037 0.00251052
851 0.0140424 0.797702 0.500233 -0.304042 0.00657309
852 0.0139722 0.707747 0.440377 -0.0418336 0.0108509
853 0.0139023 0.773297 0.378493 0.471839 0.0191322
854 0.0138328 0.746296 0.615771 -0.433318 0.00226941
855 0.0137637 0.772863 0.725425 -0.378552 0.00593315
856 0.0136948 0.863518 0.669236 -0.401245 0.00475541
857 0.0136264 0.742658 0.801871 -0.30142 0.00988716
858 0.0135582 0.755874 0.537945 -0.391162 0.00401449
859 0.0134904 0.947363 0.540251 -0.30274 0.00425943
860 0.013423 0.802331 0.592906 -0.438018 0.0028103
861 0.0133559 0.735989 0.606659 -0.428636 0.00236351
862 0.0132891 0.843492 0.650442 -0.424227 0.00373538
863 0.0132227 0.906731 0.609812 -0.402436 0.00355921
864 0.0131565 0.788103 0.656026 -0.432485 0.00340778
865 0.0130908 0.758613 0.74775 -0.355189 0.0076374
866 0.0130253 0.792662 0.54895 -0.40105 0.00369954
867 0.0129602 0.852487 0.676837 -0.404289 0.00562123
868 0.0128954 0.767586 0.65581 -0.43157 0.00290649
869 0.0128309 0.747869 0.682512 -0.412321 0.00331244
870 0.0127667 0.808507 0.642659 -0.436332 0.00319362
871 0.0127029 0.882859 0.592238 -0.415127 0.00311204
872 0.0126394 0.818632 0.522394 -0.348886 0.00551054
873 0.0125762 0.749889 0.640959 -0.426673 0.00289088
874 0.0125133 0.715007 0.757132 -0.356063 0.00538493
875 0.0124508 0.652217 0.460675 -0.145855 0.00922237
876 0.0123885 0.764689 0.700467 -0.406136 0.00470597
877 0.0123266 0.95707 0.598519 -0.349383 0.00389363
878 0.0122649 0.6523 0.853565 -0.294453 0.00793204
879 0.0122036 0.737274 0.789146 -0.309828 0.00763013
880 0.0121426 0.740203 0.532968 -0.376804 0.00440353
881 0.0120819 0.952574 0.487842 -0.149712 0.00745397
882 0.0120215 0.789477 0.668207 -0.440125 0.00340658
883 0.0119614 0.764781 0.688778 -0.408894 0.0042128
884 0.0119015 0.799683 0.72972 -0.378025 0.00547483
885 0.011842 0.889791 0.500346 -0.236675 0.00757382
886 0.0117828 0.747841 0.699899 -0.401927 0.00590774
887 0.0117239 0.743314 0.533106 -0.375355 0.0047148
888 0.0116653 0.717392 0.640617 -0.41622 0.0026636
889 0.011607 0.785076 0.885877 -0.161668 0.0139349
890 0.0115489 0.680757 0.689112 -0.384237 0.00383031
891 0.0114912 1.03145 0.681476 -0.144009 0.010332
892 0.0114337 0.77436 0.511104 -0.334105 0.00693473
893 0.0113766 0.834362 0.664238 -0.42343 0.00507148
894 0.0113197 0.878987 0.675496 -0.38396 0.00577508
895 0.0112631 0.899317 0.682104 -0.365774 0.00728096
896 0.0112068 0.909035 0.651669 -0.389862 0.00470637
897 0.0111507 0.884993 0.858616 -0.0612916 0.0178715
898 0.011095 0.631851 0.482292 -0.217975 0.00793539
899 0.0110395 0.89144 0.577295 -0.408241 0.0036957
900 0.0109843 0.810313 0.552757 -0.411073 0.00401086
901 0.0109294 0.718524 0.748038 -0.361486 0.00736261
902 0.0108747 0.87131 0.552366 -0.384335 0.00361397
903 0.0108204 0.910494 0.477774 -0.153915 0.00759101
904 0.0107663 0.843035 0.765413 -0.297018 0.0113878
905 0.0107124 0.880243 0.768698 -0.258075 0.0108462
906 0.0106589 0.669057 0.619299 -0.383726 0.00306416
907 0.0106056 0.846389 0.707311 -0.374142 0.00616299
908 0.0105525 0.876824 0.727826 -0.327346 0.00808888
909 0.0104998 0.657167 0.454188 -0.138654 0.00959461
910 0.0104473 0.785512 0.53598 -0.388224 0.00467671
911 0.010395 0.903569 0.661719 -0.382638 0.00575978
912 0.0103431 0.804179 0.978806 0.0494588 0.0216542
913 0.0102914 0.746686 0.674101 -0.414321 0.00353611
914 0.0102399 0.921774 0.40917 0.252267 0.0129158
915 0.0101887 0.913374 0.740475 -0.273805 0.00834592
916 0.0101378 0.919039 0.541076 -0.333112 0.003903
917 0.0100871 0.621968 0.694859 -0.351657 0.00408109
918 0.0100366 0.808021 0.717677 -0.388278 0.00493154
919 0.00998645 0.867044 0.569196 -0.413254 0.00380095
920 0.00993652 0.669479 0.73606 -0.353103 0.00510126
921 0.00988684 0.789803 0.468637 -0.179926 0.00885522
922 0.0098374 0.856966 0.77499 -0.26204 0.0110094
923 0.00978822 0.957986 0.611363 -0.33663 0.00545549
924 0.00973927 0.956377 0.630374 -0.338177 0.00539093
925 0.00969058 0.855054 0.653091 -0.425588 0.00379862
926 0.00964213 0.806356 0.435959 0.0205938 0.0127726
927 0.00959391 0.984295 0.886083 0.278738 0.0248051
928 0.00954595 0.796876 0.660605 -0.424187 0.00424347
929 0.00949822 0.75663 0.774718 -0.345831 0.00635005
930 0.00945072 0.691257 0.534597 -0.362618 0.00514865
931 0.00940347 0.772952 0.772428 -0.309768 0.00767284
932 0.00935645 0.807088 0.597777 -0.440009 0.00259553
933 0.00930967 0.833199 0.508113 -0.308158 0.00625792
934 0.00926312 0.67633 0.622987 -0.388296 0.00260867
935 0.00921681 0.889179 0.766047 -0.26674 0.0094475
936 0.00917072 0.671676 0.758564 -0.346353 0.00585515
937 0.00912487 0.701381 0.585357 -0.401373 0.00320768
938 0.00907925 0.753446 0.500023 -0.305344 0.00723388
939 0.00903385 0.866088 0.534113 -0.361111 0.00497437
940 0.00898868 0.691743 0.492247 -0.259431 0.00761611
941 0.00894374 0.745778 0.724982 -0.387551 0.00488055
942 0.00889902 0.95161 0.519853 -0.25329 0.00505104
943 0.00885452 0.881492 0.680973 -0.384548 0.00598286
944 0.00881025 0.563663 0.692234 -0.292142 0.00444059
945 0.0087662 0.763305 0.587577 -0.435685 0.00249919
946 0.00872237 0.747424 0.680865 -0.421208 0.00357142
947 0.00867876 0.681365 0.702562 -0.379332 0.00437286
948 0.00863536 0.78499 0.593338 -0.435978 0.00260309
949 0.00859219 0.84339 0.59095 -0.427506 0.00306967
950 0.00854922 0.798595 0.663797 -0.430796 0.00363186
951 0.00850648 0.691187 0.538545 -0.361087 0.00434676
952 0.00846395 0.948362 0.593253 -0.354073 0.00403094
953 0.00842163 0.947385 0.396601 0.343649 0.0156715
954 0.00837952 0.881684 0.622403 -0.4138 0.0039448
955 0.00833762 0.917535 0.610293 -0.392244 0.00425891
956 0.00829593 0.886351 0.820799 -0.16391 0.0131541
957 0.00825445 0.791524 0.458455 -0.107869 0.011143
958 0.00821318 0.720057 0.436962 -0.0129855 0.0128784
959 0.00817211 0.853538 0.630519 -0.433218 0.00330736
960 0.00813125 0.902442 0.553499 -0.359842 0.00400602
961 0.0080906 0.977767 0.764672 -0.111456 0.0130307
962 0.00805014 0.841527 0.775449 -0.274518 0.0107908
963 0.00800989 0.874947 0.790995 -0.246785 0.00945035
964 0.00796984 0.942977 0.675302 -0.329292 0.00620885
965 0.00793 0.895331 0.55326 -0.372353 0.00386843
966 0.00789035 0.816974 0.749215 -0.343392 0.00704893
967 0.00785089 0.920616 0.499657 -0.228089 0.00672937
968 0.00781164 0.863743 0.563435 -0.397405 0.00341856
969 0.00777258 0.688899 0.609575 -0.396961 0.00287146
970 0.00773372 0.789278 0.65861 -0.434604 0.0037937
971 0.00769505 0.749205 0.647518 -0.428676 0.00311482
972 0.00765657 1.05038 0.681361 -0.0970416 0.0105783
973 0.00761829 0.674236 0.556006 -0.369752 0.00351584
974 0.0075802 0.728952 0.620041 -0.423999 0.00205195
975 0.0075423 0.786142 0.701414 -0.408665 0.00409647
976 0.00750459 0.888492 0.753795 -0.292889 0.00867478
977 0.00746706 0.964204 0.451087 -0.0140667 0.0096497
978 0.00742973 0.810291 0.664871 -0.432098 0.00336191
979 0.00739258 0.882614 0.689004 -0.37483 0.00621503
980 0.00735562 0.832297 0.631631 -0.432906 0.00400184
981 0.00731884 0.854516 0.631686 -0.428469 0.00399173
982 0.00728225 0.830595 0.730292 -0.363777 0.0067577
983 0.00724583 0.979965 0.691161 -0.251106 0.00798607
984 0.0072096 0.883346 0.581741 -0.407937 0.00363399
985 0.00717356 0.789819 0.564879 -0.421747 0.0031929
986 0.00713769 1.06294 0.751019 0.0728743 0.013958
987 0.007102 0.814359 0.653785 -0.432607 0.00352101
988 0.00706649 0.876056 0.634127 -0.414131 0.00401391
989 0.00703116 0.785053 0.684367 -0.419096 0.00402653
990 0.006996 0.823617 0.616738 -0.44341 0.00279528
991 0.00696102 0.922876 0.573743 -0.36885 0.00341485
992 0.00692622 0.781072 0.758567 -0.336603 0.00844789
993 0.00689159 0.975731 0.620566 -0.322584 0.00440681
994 0.00685713 0.798368 0.502034 -0.304282 0.00697696
995 0.00682284 0.923621 0.630888 -0.374965 0.00479681
996 0.00678873 0.789519 0.618294 -0.451426 0.0020541
997 0.00675478 0.734096 0.667962 -0.414905 0.00360236
998 0.00672101 0.834817 0.617949 -0.44093 0.0027543
999 0.00668741 0.876174 0.597306 -0.412737 0.003752
1000 0.00665397 0.823708 0.867821 -0.151146 0.0151256
1001 0.0066207 0.810184 0.58113 -0.434329 0.00251899
1002 0.0065876 0.725463 0.565304 -0.408244 0.00352971
1003 0.00655466 0.9472 0.626686 -0.356182 0.00467578
1004 0.00652188 0.762973 0.691991 -0.413345 0.00374032
1005 0.00648927 0.802061 0.448067 -0.0755019 0.0122664
1006 0.00645683 0.825712 0.695979 -0.396837 0.00526902
1007 0.00642454 0.675951 0.653918 -0.387549 0.00276639
1008 0.00639242 0.74299 0.558525 -0.400096 0.00320356
1009 0.00636046 0.699116 0.599099 -0.406234 0.00239086
1010 0.00632866 0.818925 0.715474 -0.377148 0.00608455
1011 0.00629701 0.942215 0.625329 -0.373688 0.00492324
1012 0.00626553 0.837877 0.661088 -0.417694 0.00354097
1013 0.0062342 0.807013 0.457742 -0.10654 0.00887026
1014 0.00620303 0.922235 0.5518 -0.340146 0.00405562
1015 0.00617201 0.684994 0.631987 -0.401543 0.00234874
1016 0.00614115 0.703275 0.464243 -0.154881 0.0101911
1017 0.00611045 0.728308 0.432942 -0.00422539 0.0141333
1018 0.0060799 0.52384 0.406421 0.111047 0.0126813
1019 0.0060495 0.927103 0.432395 0.0750884 0.0118424
1020 0.00601925 0.798696 0.723527 -0.392242 0.00507612
1021 0.00598915 0.829135 0.706263 -0.382973 0.00600784
1022 0.00595921 0.814222 0.657108 -0.430902 0.00417601
1023 0.00592941 0.815343 0.586176 -0.43691 0.00285264
1024 0.00589976 0.817522 0.666987 -0.420897 0.00425965
1025 0.00587027 0.783296 0.465545 -0.172854 0.00902849
1026 0.00584091 0.958364 0.468308 -0.0906198 0.0091579
1027 0.00581171 0.809289 0.706128 -0.389717 0.0055829
1028 0.00578265 0.757411 0.493155 -0.28062 0.00737132
1029 0.00575374 0.603517 0.628386 -0.330759 0.00352722
1030 0.00572497 0.953314 0.42913 0.118182 0.0126421
1031 0.00569634 0.764937 0.650524 -0.435587 0.00275462
1032 0.00566786 0.912873 0.783985 -0.186788 0.0129524
1033 0.00563952 0.735241 0.48269 -0.244091 0.00755361
1034 0.00561133 0.5798 0.588544 -0.285276 0.0042061
1035 0.00558327 0.689015 0.615477 -0.399376 0.00225942
1036 0.00555535 0.711825 0.495294 -0.277661 0.0066485
1037 0.00552758 0.743268 0.691361 -0.406287 0.00433704
1038 0.00549994 0.759898 0.675555 -0.41902 0.00341322
1039 0.00547244 0.621538 0.536029 -0.299275 0.00428068
1040 0.00544508 0.654391 0.572305 -0.357959 0.00314368
1041 0.00541785 0.813066 0.751677 -0.343186 0.00729662
1042 0.00539076 0.810161 0.494711 -0.267711 0.00726181
1043 0.00536381 0.993541 0.554955 -0.259093 0.0040692
1044 0.00533699 0.847395 0.463686 -0.135321 0.010522
1045 0.0053103 0.61437 0.525749 -0.268009 0.00469951
1046 0.00528375 0.789769 0.55773 -0.412301 0.00375477
1047 0.00525733 0.694347 0.56151 -0.381605 0.00348322
1048 0.00523105 0.957815 0.702634 -0.261423 0.0112057
1049 0.00520489 0.831227 0.561132 -0.409067 0.003985
1050 0.00517887 0.821012 0.587832 -0.435228 0.00262378
1051 0.00515297 0.86153 0.539324 -0.370308 0.00406354
1052 0.00512721 0.820081 0.521462 -0.343422 0.00595012
1053 0.00510157 0.841771 0.616747 -0.433453 0.0030531
1054 0.00507606 0.76427 0.728284 -0.375195 0.00563262
1055 0.00505068 0.844203 0.39146 0.367273 0.0168052
1056 0.00502543 0.732151 0.604491 -0.423987 0.00234482
1057 0.0050003 0.707678 0.701839 -0.39073 0.00362456
1058 0.0049753 0.616566 0.671213 -0.341257 0.00339453
1059 0.00495043 0.953957 0.64741 -0.326001 0.00643529
1060 0.00492567 0.729962 0.67218 -0.417017 0.00330776
1061 0.00490104 0.727418 0.344904 0.892768 0.0230392
1062 0.00487654 0.884101 0.754952 -0.276106 0.00945644
1063 0.00485216 0.851002 0.689133 -0.400347 0.00609593
1064 0.0048279 0.916105 0.722092 -0.309551 0.00811003
1065 0.00480376 0.755359 0.658639 -0.425804 0.00292484
1066 0.00477974 0.840416 0.675647 -0.404542 0.00489926
1067 0.00475584 0.649907 0.595566 -0.366992 0.00347727
1068 0.00473206 0.741698 0.557967 -0.404058 0.0036911
1069 0.0047084 0.783272 0.646647 -0.436285 0.00334032
1070 0.00468486 0.797928 0.612778 -0.4442 0.00238718
1071 0.00466143 0.760264 0.505668 -0.305155 0.00671171
1072 0.00463813 0.698335 0.653982 -0.402547 0.00340069
1073 0.00461494 0.659911 0.731539 -0.351829 0.00421145
1074 0.00459186 0.782995 0.571976 -0.425852 0.00313424
1075 0.0045689 0.788643 0.679824 -0.421425 0.00368763
1076 0.00454606 0.715881 0.631979 -0.414737 0.00246826
1077 0.00452333 0.575722 0.739251 -0.308217 0.00494286
1078 0.00450071 0.671344 0.720376 -0.367959 0.00414537
1079 0.00447821 0.906984 0.377836 0.487998 0.0172809
1080 0.00445582 0.627045 0.529859 -0.287809 0.00465692
1081 0.00443354 0.649153 0.524985 -0.304063 0.00527735
1082 0.00441137 0.713702 0.636297 -0.415812 0.00240173
1083 0.00438931 1.00617 0.611414 -0.268952 0.00550027
1084 0.00436737 0.803436 0.741394 -0.361968 0.00578231
1085 0.00434553 0.605466 0.476158 -0.178106 0.00767222
1086 0.0043238 0.701531 0.587602 -0.403682 0.00251639
1087 0.00430218 0.709662 0.611126 -0.417554 0.00259166
1088 0.00428067 0.728133 0.439783 -0.0387567 0.0106298
1089 0.00425927 0.898561 0.715623 -0.329763 0.00913992
1090 0.00423797 1.0089 0.628026 -0.24041 0.00605759
1091 0.00421678 0.856974 0.434579 0.0331589 0.0110435
1092 0.0041957 0.812966 0.640472 -0.441269 0.00275239
1093 0.00417472 0.591288 0.530111 -0.256982 0.00463786
1094 0.00415385 0.857183 0.687854 -0.39363 0.00497264
1095 0.00413308 0.853928 0.793131 -0.235794 0.0128174
1096 0.00411241 0.810408 0.641205 -0.441045 0.00330223
1097 0.00409185 0.70074 0.608333 -0.408913 0.00242467
1098 0.00407139 0.729466 0.64178 -0.425936 0.00234299
1099 0.00405103 0.921475 0.532404 -0.321692 0.00516326
1100 0.00403078 0.713382 0.501907 -0.306035 0.00614563
1101 0.00401062 0.903469 0.728728 -0.285804 0.00947508
1102 0.00399057 0.838552 0.71414 -0.366986 0.00649243
1103 0.00397062 0.816817 0.709895 -0.38566 0.00618586
1104 0.00395076 0.753907 0.579132 -0.424295 0.00290069
1105 0.00393101 0.862711 0.666149 -0.40688 0.00423667
1106 0.00391136 0.869986 0.543744 -0.380081 0.00457089
1107 0.0038918 0.868197 0.662221 -0.410447 0.0040393
1108 0.00387234 0.73775 0.482124 -0.245402 0.00784895
1109 0.00385298 0.653168 0.722919 -0.352334 0.00436003
1110 0.00383371 0.816796 0.52293 -0.358228 0.00565322
1111 0.00381454 0.85039 0.706116 -0.378958 0.00644077
1112 0.00379547 0.96444 0.486768 -0.151247 0.00641173
1113 0.00377649 0.765009 0.67514 -0.424699 0.00338255
1114 0.00375761 0.670491 0.832368 -0.308364 0.00691857
1115 0.00373882 0.686442 0.590956 -0.397906 0.00275686
1116 0.00372013 0.722622 0.693951 -0.401052 0.0039587
1117 0.00370153 0.844346 0.601911 -0.432177 0.00263134
1118 0.00368302 0.925568 0.48858 -0.183861 0.00734193
1119 0.00366461 0.675507 0.578536 -0.380751 0.00313706
1120 0.00364628 0.683977 0.679694 -0.395551 0.00366241
1121 0.00362805 0.679416 0.450183 -0.114685 0.00991993
1122 0.00360991 0.738888 0.491847 -0.270074 0.00679648
1123 0.00359186 0.931644 0.472375 -0.109315 0.0074944
1124 0.0035739 0.730943 0.532088 -0.367023 0.0048058
1125 0.00355603 0.888681 0.537513 -0.345912 0.00442395
1126 0.00353825 0.735759 0.548798 -0.39628 0.00394812
1127 0.00352056 0.835151 0.612582 -0.442808 0.00241177
1128 0.00350296 0.995466 0.552647 -0.255947 0.00427086
1129 0.00348544 0.883706 0.590837 -0.410234 0.00309595
1130 0.00346802 0.802036 0.606554 -0.444827 0.00258734
1131 0.00345068 0.71929 0.563386 -0.397353 0.00317586
1132 0.00343342 0.765358 0.681128 -0.425764 0.00331014
1133 0.00341626 0.79858 0.56708 -0.418126 0.00357844
1134 0.00339918 0.765329 0.664878 -0.427303 0.00306071
1135 0.00338218 0.712424 0.655324 -0.410473 0.00269171
1136 0.00336527 0.884445 0.457114 -0.0666688 0.00999405
1137 0.00334844 0.800092 0.501828 -0.295221 0.00709781
1138 0.0033317 0.814241 0.639508 -0.441608 0.00281614
1139 0.00331504 0.749073 0.627776 -0.434725 0.00223195
1140 0.00329847 0.864336 0.679119 -0.402539 0.0053351
1141 0.00328197 0.931547 0.689679 -0.307888 0.00928247
1142 0.00326556 0.667595 0.702184 -0.367826 0.00378273
1143 0.00324924 0.809026 0.643806 -0.439102 0.00302721
1144 0.00323299 0.688338 0.578047 -0.388811 0.00317043
1145 0.00321683 0.701828 0.554076 -0.380697 0.00378013
1146 0.00320074 0.883229 0.720671 -0.334381 0.00922236
1147 0.00318474 0.789956 0.644247 -0.434086 0.00251012
1148 0.00316881 0.905149 0.507406 -0.264913 0.00660677
1149 0.00315297 0.829752 0.542804 -0.39111 0.00484913
1150 0.0031372 0.746389 0.450937 -0.0858916 0.0106925
1151 0.00312152 0.765137 0.490711 -0.269481 0.00785145
1152 0.00310591 0.780962 0.603541 -0.438014 0.00193714
1153 0.00309038 0.722463 0.49493 -0.289083 0.00610438
1154 0.00307493 0.887117 0.589209 -0.404035 0.00300671
1155 0.00305955 0.780089 0.517679 -0.342664 0.00546358
1156 0.00304426 0.843167 0.709256 -0.376039 0.00608787
1157 0.00302904 0.962308 0.665843 -0.297957 0.00687052
1158 0.00301389 0.817079 0.604495 -0.445156 0.00252792
1159 0.00299882 0.828473 0.556453 -0.40563 0.00353123
1160 0.00298383 0.604638 0.549194 -0.292161 0.00414194
1161 0.00296891 0.673082 0.719503 -0.372162 0.00395854
1162 0.00295406 0.748531 0.576262 -0.416897 0.00282855
1163 0.00293929 0.879394 0.694596 -0.363663 0.00700379
1164 0.0029246 0.833522 0.611354 -0.440362 0.00309813
1165 0.00290997 0.805751 0.564188 -0.423212 0.00327525
1166 0.00289542 0.819684 0.620567 -0.444413 0.00282989
1167 0.00288095 0.695167 0.395339 0.241484 0.0165501
1168 0.00286654 0.914741 0.628514 -0.385835 0.00508692
1169 0.00285221 0.772007 0.523269 -0.353925 0.00592272
1170 0.00283795 0.799541 0.45454 -0.0996077 0.0106201
1171 0.00282376 0.757574 0.695741 -0.406813 0.00409653
1172 0.00280964 0.775765 0.561626 -0.412713 0.00341663
1173 0.00279559 0.885441 0.479683 -0.182639 0.00772175
1174 0.00278161 0.80665 0.574354 -0.430918 0.00328799
1175 0.00276771 0.902204 0.612598 -0.40643 0.00385815
1176 0.00275387 0.941221 0.477523 -0.118531 0.00795048
1177 0.0027401 0.738722 0.729494 -0.388388 0.005554
1178 0.0027264 0.721472 0.504097 -0.319311 0.006092
1179 0.00271277 0.764422 0.751677 -0.366817 0.00700323
1180 0.0026992 0.904872 0.630925 -0.402128 0.00369252
1181 0.00268571 0.690762 0.49782 -0.265672 0.00670632
1182 0.00267228 0.944706 0.625138 -0.356893 0.00497791
1183 0.00265892 0.791816 0.457034 -0.12511 0.0114146
1184 0.00264562 0.777583 0.552724 -0.407213 0.0041194
1185 0.00263239 0.761339 0.56021 -0.404495 0.00322369
1186 0.00261923 0.609119 0.658896 -0.340101 0.00355182
1187 0.00260613 0.792979 0.626538 -0.442347 0.00296828
1188 0.0025931 0.829613 0.710747 -0.373855 0.00809699
1189 0.00258014 0.787631 0.644374 -0.443982 0.00272383
1190 0.00256724 0.776771 0.463486 -0.171462 0.0100058
1191 0.0025544 0.914995 0.532105 -0.313005 0.00542259
1192 0.00254163 0.897558 0.664706 -0.380603 0.00579957
1193 0.00252892 0.595369 0.599271 -0.308836 0.00399876
1194 0.00251628 0.81204 0.639603 -0.439603 0.00255763
1195 0.0025037 0.776715 0.454972 -0.119916 0.00991464
1196 0.00249118 0.931487 0.490316 -0.182386 0.00695631
1197 0.00247872 0.853885 0.759901 -0.299519 0.00802785
1198 0.00246633 0.720344 0.678284 -0.414058 0.00322068
1199 0.002454 0.803118 0.571228 -0.429748 0.00317152
1200 0.00244173 0.810231 0.369877 0.604452 0.0216087
1201 0.00242952 0.916876 0.563952 -0.364743 0.00387578
1202 0.00241737 0.760029 0.64861 -0.43433 0.00306753
1203 0.00240528 0.769072 0.656768 -0.436729 0.00312508
1204 0.00239326 0.752 0.616354 -0.437695 0.00230293
1205 0.00238129 0.782345 0.560536 -0.417798 0.00391137
1206 0.00236938 0.955103 0.449744 0.00182794 0.00906351
1207 0.00235754 0.675326 0.702933 -0.376613 0.00422461
1208 0.00234575 0.782756 0.54399 -0.390834 0.00422733
1209 0.00233402 0.781586 0.395454 0.325824 0.0179885
1210 0.00232235 0.650607 0.618159 -0.366959 0.0031336
1211 0.00231074 0.868662 0.494696 -0.26152 0.00738038
1212 0.00229918 0.72628 0.582003 -0.416307 0.00263861
1213 0.00228769 0.745608 0.740132 -0.372599 0.00543521
1214 0.00227625 0.763986 0.532887 -0.38075 0.00444484
1215 0.00226487 0.775852 0.620169 -0.441365 0.0023546
1216 0.00225354 0.789295 0.480325 -0.243791 0.00852289
1217 0.00224228 0.80155 0.632606 -0.440258 0.0030831
1218 0.00223107 0.723796 0.842682 -0.28157 0.00847209
1219 0.00221991 0.713847 0.625599 -0.418965 0.00271816
1220 0.00220881 0.822792 0.512011 -0.303509 0.00677842
1221 0.00219777 0.806324 0.527239 -0.368462 0.00461672
1222 0.00218678 0.610616 0.565931 -0.300343 0.00337284
1223 0.00217584 0.67833 0.610581 -0.39346 0.0027488
1224 0.00216496 0.87023 0.850873 -0.108934 0.0140519
1225 0.00215414 0.757659 0.813596 -0.279939 0.00819551
1226 0.00214337 0.863003 0.410688 0.217417 0.0129094
1227 0.00213265 0.810576 0.83312 -0.251748 0.00927805
1228 0.00212199 0.557267 0.666338 -0.284055 0.00425041
1229 0.00211138 0.568922 0.629112 -0.278353 0.00433389
1230 0.00210082 0.736636 0.636722 -0.433132 0.00210612
1231 0.00209032 0.752758 0.539434 -0.381692 0.00414345
1232 0.00207987 0.83746 0.67384 -0.402035 0.00503035
1233 0.00206947 0.833759 0.544391 -0.38675 0.00422795
1234 0.00205912 0.712024 0.399188 0.248313 0.015312
1235 0.00204882 0.660693 0.485725 -0.235627 0.00739917
1236 0.00203858 0.694706 0.583844 -0.396767 0.00307704
1237 0.00202839 0.801433 0.630846 -0.438476 0.00312535
1238 0.00201825 0.813234 0.617888 -0.443504 0.00261103
1239 0.00200815 0.921069 0.618374 -0.385445 0.00443635
1240 0.00199811 0.804585 0.651788 -0.43389 0.00398148
1241 0.00198812 0.778217 0.463192 -0.162988 0.00887726
1242 0.00197818 0.8442 0.567874 -0.414252 0.00345053
1243 0.00196829 0.797002 0.727741 -0.374536 0.00616954
1244 0.00195845 0.787406 0.504621 -0.308631 0.00628732
1245 0.00194866 0.676294 0.728186 -0.370977 0.00431608
1246 0.00193891 0.888073 0.61776 -0.418984 0.00333726
1247 0.00192922 0.693816 0.630537 -0.405261 0.00347011
1248 0.00191957 0.596446 0.676075 -0.319669 0.00394757
1249 0.00190998 0.744984 0.438321 -0.0367606 0.0116893
1250 0.00190043 0.830008 0.664128 -0.421747 0.0044857
1251 0.00189092 0.674394 0.535698 -0.338309 0.00476087
1252 0.00188147 0.60169 0.602342 -0.313774 0.00354324
1253 0.00187206 0.763059 0.617173 -0.438087 0.0023071
1254 0.0018627 0.666629 0.758045 -0.347383 0.00494025
1255 0.00185339 0.853792 0.669736 -0.409068 0.00602539
1256 0.00184412 0.785498 0.828685 -0.254739 0.0106874
1257 0.0018349 0.733326 0.656075 -0.426193 0.00277972
1258 0.00182573 0.726039 0.714053 -0.393441 0.00422777
1259 0.0018166 0.64192 0.556718 -0.333137 0.0039542
1260 0.00180751 0.842424 0.550043 -0.390885 0.00415716
1261 0.00179848 0.725765 0.587402 -0.419112 0.00244285
1262 0.00178948 0.787652 0.561821 -0.418148 0.0034941
1263 0.00178054 0.825032 0.622595 -0.441032 0.00326517
1264 0.00177163 0.967078 0.641068 -0.314231 0.00652916
1265 0.00176278 0.937152 0.58769 -0.360836 0.00395757
1266 0.00175396 0.933753 0.432268 0.0908153 0.011047
1267 0.00174519 0.792852 0.603557 -0.445618 0.00215282
1268 0.00173647 0.939907 0.67291 -0.344143 0.00694192
1269 0.00172778 0.80877 0.622334 -0.445238 0.00321524
1270 0.00171915 0.751211 0.591311 -0.429989 0.00277094
1271 0.00171055 0.864467 0.680529 -0.393377 0.00487262
1272 0.001702 0.886383 0.494972 -0.239734 0.00770215
1273 0.00169349 0.633583 0.652431 -0.354274 0.0030445
1274 0.00168502 0.680092 0.511452 -0.303783 0.00543724
1275 0.00167659 0.649865 0.706288 -0.363739 0.00394605
1276 0.00166821 0.754578 0.708994 -0.398173 0.00461933
1277 0.00165987 0.763976 0.537001 -0.381293 0.00485686
1278 0.00165157 0.775942 0.448796 -0.0705518 0.0100633
1279 0.00164331 0.889826 0.738772 -0.304799 0.00694572
1280 0.0016351 0.645751 0.463883 -0.166431 0.00869361
1281 0.00162692 0.858829 0.664972 -0.404334 0.00659607
1282 0.00161879 0.771864 0.713438 -0.39776 0.00442384
1283 0.00161069 0.79662 0.573176 -0.43001 0.00277423
1284 0.00160264 0.583778 0.525055 -0.231818 0.00474226
1285 0.00159463 0.685392 0.649801 -0.402293 0.00301264
1286 0.00158665 0.9666 0.539893 -0.279635 0.00470839
1287 0.00157872 0.615522 0.620973 -0.337624 0.00372187
1288 0.00157083 0.646752 0.455702 -0.131265 0.00902842
1289 0.00156297 0.916389 0.671917 -0.351372 0.0059633
1290 0.00155516 0.60838 0.569902 -0.300061 0.00382078
1291 0.00154738 0.707238 0.72891 -0.379571 0.00484483
1292 0.00153964 0.864693 0.724197 -0.350163 0.00728209
1293 0.00153195 0.834684 0.603467 -0.434253 0.00291165
1294 0.00152429 0.761498 0.770527 -0.337944 0.00605275
1295 0.00151666 0.890474 0.613476 -0.406618 0.00405035
1296 0.00150908 0.893064 0.44616 -0.01217 0.0104187
1297 0.00150154 0.945945 0.741585 -0.225022 0.0104848
1298 0.00149403 0.786667 0.568035 -0.423617 0.00291324
1299 0.00148656 0.650039 0.725322 -0.355012 0.00469579
1300 0.00147913 0.804308 0.584448 -0.434184 0.00307461
1301 0.00147173 0.763155 0.75842 -0.352101 0.00724054
1302 0.00146437 0.955653 0.787262 -0.118089 0.0175398
1303 0.00145705 0.648484 0.631056 -0.369948 0.00330722
1304 0.00144976 0.85501 0.724016 -0.356127 0.00678421
1305 0.00144252 0.809323 0.689884 -0.406205 0.00435961
1306 0.0014353 0.765927 0.635907 -0.437135 0.00264319
1307 0.00142813 0.848146 0.710652 -0.380072 0.00611221
1308 0.00142099 0.807059 0.450251 -0.0791206 0.0102734
1309 0.00141388 0.728587 0.631116 -0.428983 0.00235298
1310 0.00140681 0.802617 0.539109 -0.383786 0.0049145
1311 0.00139978 0.79315 0.683391 -0.412154 0.00405078
1312 0.00139278 0.721967 0.52589 -0.35574 0.00499777
1313 0.00138581 0.848481 0.597722 -0.433247 0.00263006
1314 0.00137889 0.76828 0.651941 -0.435782 0.00344261
1315 0.00137199 0.967347 0.539186 -0.283859 0.00467701
1316 0.00136513 0.84999 0.533838 -0.362638 0.00477262
1317 0.00135831 0.799764 0.709199 -0.398691 0.00553643
1318 0.00135151 0.85755 0.526496 -0.332485 0.00595095
1319 0.00134476 0.743538 0.676798 -0.41524 0.00388627
1320 0.00133803 0.545721 0.507479 -0.155798 0.00557798
1321 0.00133134 0.880407 0.59755 -0.413742 0.00257619
1322 0.00132469 0.752798 0.599458 -0.432101 0.00257482
1323 0.00131806 0.762632 0.786179 -0.32055 0.00803464
1324 0.00131147 0.766252 0.600779 -0.441985 0.00240814
1325 0.00130491 0.558483 0.620744 -0.268858 0.00450513
1326 0.00129839 0.752056 0.526528 -0.364419 0.00520805
1327 0.0012919 0.873595 0.756217 -0.273323 0.00920644
1328 0.00128544 0.803967 0.694493 -0.402038 0.00477886
1329 0.00127901 0.59269 0.652257 -0.321582 0.00388006
1330 0.00127262 0.753729 0.60883 -0.431615 0.00249911
1331 0.00126625 0.828645 0.650653 -0.432952 0.0033901
1332 0.00125992 0.735892 0.754776 -0.344516 0.00634508
1333 0.00125362 0.617495 0.850499 -0.281014 0.00870869
1334 0.00124735 0.80662 0.545192 -0.392748 0.00475919
1335 0.00124112 0.623813 0.361631 0.586665 0.0214282
1336 0.00123491 0.79902 0.584694 -0.43759 0.00284663
1337 0.00122874 0.878044 0.576997 -0.409148 0.00347666
1338 0.00122259 0.840269 0.413556 0.210346 0.0149094
1339 0.00121648 0.833924 0.622853 -0.437107 0.0032372
1340 0.0012104 0.714813 0.683946 -0.399791 0.00357075
1341 0.00120435 0.790573 0.620858 -0.440866 0.00250043
1342 0.00119832 0.817402 0.349204 0.808658 0.0229628
1343 0.00119233 0.816817 0.539472 -0.38416 0.00448252
1344 0.00118637 0.795597 0.709341 -0.40367 0.0045392
1345 0.00118044 0.77702 0.532707 -0.378363 0.00503818
1346 0.00117454 0.923834 0.528549 -0.300454 0.00505998
1347 0.00116866 0.659728 0.63984 -0.381665 0.00327018
1348 0.00116282 0.714994 0.682707 -0.41269 0.0029822
1349 0.00115701 0.775597 0.793091 -0.304057 0.00902941
1350 0.00115122 0.794553 0.678864 -0.421618 0.00393577
1351 0.00114547 0.701742 0.736495 -0.378874 0.00517378
1352 0.00113974 0.68083 0.568758 -0.379844 0.00332542
1353 0.00113404 0.949842 0.796979 -0.0894737 0.0147798
1354 0.00112837 0.764555 0.838144 -0.254894 0.0111592
1355 0.00112273 0.833592 0.510446 -0.306835 0.00669083
1356 0.00111711 0.765825 0.669863 -0.419804 0.0038065
1357 0.00111153 0.854202 0.680942 -0.402972 0.00509917
1358 0.00110597 0.902743 0.517817 -0.302722 0.0059029
1359 0.00110044 0.700678 0.6767 -0.393583 0.00356856
1360 0.00109494 0.694353 0.699471 -0.385723 0.00393958
1361 0.00108946 0.941106 0.605443 -0.363325 0.00348405
1362 0.00108402 0.874051 0.666496 -0.397571 0.00529528
1363 0.0010786 0.667045 0.671923 -0.38081 0.00346343
1364 0.0010732 0.698364 0.699013 -0.392602 0.00399119
1365 0.00106784 0.848205 0.554043 -0.403295 0.00392765
1366 0.0010625 0.794508 0.563652 -0.41976 0.00370333
1367 0.00105719 0.827166 0.695908 -0.397709 0.00538822
1368 0.0010519 0.877702 0.56422 -0.391566 0.00320912
1369 0.00104664 0.896222 0.690865 -0.354642 0.00638704
1370 0.00104141 0.784556 0.362218 0.673935 0.0195235
1371 0.0010362 0.948233 0.660591 -0.339118 0.00670507
1372 0.00103102 0.794863 0.503199 -0.305117 0.00651311
1373 0.00102586 0.758452 0.477952 -0.239545 0.00822626
1374 0.00102073 0.65786 0.700098 -0.368473 0.00439111
1375 0.00101563 0.872588 0.64438 -0.410395 0.0037671
1376 0.00101055 0.80257 0.654138 -0.42402 0.00443519
1377 0.0010055 0.695519 0.617952 -0.408555 0.0025986
1378 0.00100047 0.727035 0.662384 -0.415581 0.00336739
1379 0.00099547 0.972974 0.623845 -0.320025 0.00509087
1380 0.000990493 0.61636 0.730442 -0.334734 0.0051154
1381 0.000985541 0.850389 0.532354 -0.366638 0.00488554
1382 0.000980613 0.717842 0.62374 -0.419771 0.00251197
1383 0.00097571 0.70401 0.565481 -0.390977 0.0032603
1384 0.000970831 0.907656 0.609722 -0.393857 0.00390611
1385 0.000965977 0.920022 0.706899 -0.318173 0.00745603
1386 0.000961147 0.76633 0.780925 -0.321071 0.00759889
1387 0.000956341 0.704583 0.552819 -0.381119 0.00370426
1388 0.00095156 0.777097 0.554095 -0.407339 0.00349185
1389 0.000946802 0.833177 0.54442 -0.382247 0.00425227
1390 0.000942068 0.749164 0.649698 -0.425427 0.00335986
1391 0.000937358 0.886516 0.577432 -0.407359 0.00304986
1392 0.000932671 0.756863 0.553048 -0.407533 0.00383048
1393 0.000928007 0.964756 0.735726 -0.193981 0.0112854
1394 0.000923367 0.909868 0.619254 -0.396041 0.00404092
1395 0.000918751 0.808441 0.74573 -0.345248 0.00697708
1396 0.000914157 0.793062 0.643743 -0.442661 0.0023287
1397 0.000909586 0.769681 0.483809 -0.249237 0.00900107
1398 0.000905038 0.779291 0.660056 -0.43215 0.00348395
1399 0.000900513 0.758392 0.453772 -0.10326 0.0107634
1400 0.00089601 0.956751 0.368073 0.586038 0.0153172
1401 0.00089153 0.872983 0.586952 -0.416823 0.00359101
1402 0.000887073 0.776325 0.572184 -0.426378 0.00314794
1403 0.000882637 0.819497 0.569387 -0.424018 0.00307371
1404 0.000878224 0.816387 0.608667 -0.442145 0.00250905
1405 0.000873833 0.745852 0.51606 -0.3487 0.0058787
1406 0.000869464 0.909045 0.426635 0.0922587 0.0139248
1407 0.000865117 0.905493 0.644142 -0.39721 0.00415134
1408 0.000860791 0.814242 0.581446 -0.438408 0.00265222
1409 0.000856487 0.674353 0.616603 -0.387239 0.00258817
1410 0.000852205 0.680065 0.700718 -0.382714 0.00412854
1411 0.000847944 0.637535 0.684689 -0.36245 0.00316378
1412 0.000843704 0.789646 0.508194 -0.310263 0.00665153
1413 0.000839485 0.729447 0.629909 -0.430475 0.0027313
1414 0.000835288 0.82989 0.555407 -0.412335 0.00417737
1415 0.000831111 0.865166 0.775039 -0.285985 0.00930617
1416 0.000826956 0.76882 0.633152 -0.443713 0.00241767
1417 0.000822821 0.881995 0.617263 -0.419094 0.00412452
1418 0.000818707 0.535899 0.653053 -0.25494 0.00487972
1419 0.000814613 0.80197 0.426838 0.0790077 0.0124011
1420 0.00081054 0.910857 0.617181 -0.396076 0.00413849
1421 0.000806488 1.02195 0.749369 -0.0564085 0.0134969
1422 0.000802455 1.01384 0.616832 -0.259559 0.0050882
1423 0.000798443 0.908165 0.741494 -0.284266 0.00794137
1424 0.000794451 0.846353 0.811881 -0.219346 0.0109308
1425 0.000790479 0.911018 0.768239 -0.21699 0.0108023
1426 0.000786526 0.986892 0.728975 -0.150208 0.0106583
1427 0.000782593 0.969514 0.61063 -0.315035 0.00474455
1428 0.000778681 0.610465 0.438106 -0.0672631 0.0106105
1429 0.000774787 0.839134 0.491743 -0.233582 0.00606281
1430 0.000770913 0.728652 0.489438 -0.26578 0.00777257
1431 0.000767059 0.767418 0.668869 -0.427092 0.00292089
1432 0.000763223 1.06895 0.718108 0.0285974 0.0160438
1433 0.000759407 0.905349 0.672726 -0.359616 0.00578513
1434 0.00075561 0.583948 0.588153 -0.286246 0.00396977
1435 0.000751832 0.638234 0.664698 -0.360254 0.00331092
1436 0.000748073 0.782736 0.5366 -0.384971 0.00517273
1437 0.000744333 0.813446 0.574315 -0.423465 0.0029406
1438 0.000740611 0.832466 0.441333 -0.028085 0.00905435
1439 0.000736908 0.726315 0.479492 -0.240025 0.00768258
1440 0.000733223 0.744061 0.627506 -0.434872 0.00224665
1441 0.000729557 0.746463 0.736336 -0.387598 0.00446177
1442 0.000725909 1.00355 0.71744 -0.138026 0.0115547
1443 0.00072228 0.659525 0.604694 -0.371387 0.00327969
1444 0.000718668 0.882781 0.684902 -0.377665 0.00602695
1445 0.000715075 0.822787 0.625527 -0.438229 0.00316554
1446 0.0007115 0.8534 0.533481 -0.362067 0.00517108
1447 0.000707942 0.874898 0.654542 -0.415407 0.00388941
1448 0.000704403 0.813618 0.620874 -0.44294 0.00271834
1449 0.000700881 0.718604 0.789153 -0.327126 0.00683952
1450 0.000697376 0.696881 0.667305 -0.397188 0.00295815
1451 0.000693889 0.728722 0.490782 -0.263451 0.00730803
1452 0.00069042 0.825215 0.557025 -0.410107 0.00367766
1453 0.000686968 0.746397 0.589575 -0.43035 0.00248239
1454 0.000683533 0.802682 0.613871 -0.439225 0.0025377
1455 0.000680115 1.00829 0.591041 -0.259031 0.00544273
1456 0.000676715 0.842105 0.667472 -0.421019 0.00437341
1457 0.000673331 0.828855 0.579801 -0.428444 0.00294609
1458 0.000669964 0.881863 0.526535 -0.327095 0.00492793
1459 0.000666615 0.81304 0.646371 -0.437452 0.00367377
1460 0.000663282 0.832626 0.716348 -0.371752 0.00519343
1461 0.000659965 0.681479 0.553347 -0.370142 0.00372157
1462 0.000656665 0.724977 0.657372 -0.417885 0.00247271
1463 0.000653382 0.754811 0.679402 -0.409013 0.00412757
1464 0.000650115 0.756474 0.570403 -0.414631 0.00338992
1465 0.000646864 0.726315 0.557183 -0.391973 0.00348164
1466 0.00064363 0.826172 0.737216 -0.354016 0.00800419
1467 0.000640412 0.957748 0.594056 -0.333607 0.00400675
1468 0.00063721 0.850005 0.622792 -0.426331 0.00432695
1469 0.000634024 0.775448 0.628086 -0.437379 0.00256483
1470 0.000630854 0.869354 0.691069 -0.381075 0.00638765
1471 0.000627699 0.816408 0.790026 -0.298301 0.00956677
1472 0.000624561 0.503243 0.691309 -0.234804 0.00494796
1473 0.000621438 0.826586 0.590603 -0.432694 0.00283749
1474 0.000618331 0.689125 0.633817 -0.404233 0.0026607
1475 0.000615239 0.674818 0.547018 -0.354945 0.00378069
1476 0.000612163 0.702695 0.665279 -0.404136 0.0031135
1477 0.000609102 0.766723 0.523646 -0.365557 0.00572292
1478 0.000606057 0.67907 0.759815 -0.353742 0.00588848
1479 0.000603027 0.584956 0.656961 -0.314419 0.00484544
1480 0.000600011 0.865109 0.90053 0.0140401 0.0201776
1481 0.000597011 0.64311 0.561094 -0.337104 0.00432411
1482 0.000594026 0.771336 0.531689 -0.374433 0.00517285
1483 0.000591056 0.912664 0.696678 -0.330002 0.00604467
1484 0.000588101 0.886917 0.64103 -0.407539 0.00405641
1485 0.00058516 0.727172 0.46758 -0.199798 0.00941686
1486 0.000582235 0.803464 0.806156 -0.266875 0.0118874
1487 0.000579323 0.807301 0.73784 -0.365551 0.00679404
1488 0.000576427 0.824437 0.697586 -0.382477 0.0066124
1489 0.000573545 0.556459 0.635028 -0.270098 0.00499928
1490 0.000570677 0.879431 0.589138 -0.411049 0.00370342
1491 0.000567824 0.85156 0.558608 -0.401507 0.00349115
1492 0.000564984 0.752874 0.408458 0.20718 0.0128683
1493 0.000562159 0.741601 0.627744 -0.43224 0.00305015
1494 0.000559349 0.665738 0.567107 -0.366923 0.00356912
1495 0.000556552 0.710403 0.871366 -0.232104 0.00983782
1496 0.000553769 0.846076 0.608792 -0.433808 0.003503
1497 0.000551 0.826271 0.640298 -0.432617 0.00289122
1498 0.000548245 0.849229 0.700493 -0.389606 0.00585121
1499 0.000545504 0.947629 0.485189 -0.147605 0.00668348
1500 0.000542777 0.678101 0.686018 -0.387378 0.00377941
1501 0.000540063 0.874168 0.577154 -0.412673 0.00307639
1502 0.000537362 0.794359 0.481214 -0.243372 0.00749966
1503 0.000534676 0.915739 0.585224 -0.389046 0.00328829
1504 0.000532002 0.725566 0.686936 -0.403484 0.00342191
1505 0.000529342 0.662293 0.629453 -0.384148 0.00303348
1506 0.000526695 0.808118 0.423156 0.0971366 0.013577
1507 0.000524062 0.805555 0.743359 -0.359149 0.00723863
1508 0.000521442 0.729631 0.574987 -0.409401 0.00301675
1509 0.000518834 0.919959 0.53458 -0.316264 0.00515898
1510 0.00051624 0.901523 0.593452 -0.400107 0.00364284
1511 0.000513659 0.688753 0.627228 -0.401825 0.00270735
1512 0.000511091 0.797259 0.818141 -0.250265 0.0117888
1513 0.000508535 0.827231 0.644173 -0.431583 0.00387784
1514 0.000505993 0.845879 0.579715 -0.41807 0.0029472
1515 0.000503463 0.854759 0.614963 -0.438923 0.00267578
1516 0.000500945 0.811311 0.539458 -0.38379 0.00465449
1517 0.000498441 0.908704 0.632049 -0.395266 0.00482473
1518 0.000495948 0.820719 0.513141 -0.309122 0.00570501
1519 0.000493469 0.67081 0.648887 -0.388577 0.0030232
1520 0.000491001 0.895766 0.581222 -0.397147 0.00344686
1521 0.000488546 0.785138 0.617853 -0.437807 0.00254624
1522 0.000486104 0.816667 0.598689 -0.437741 0.00265145
1523 0.000483673 0.636945 0.690615 -0.357079 0.00371315
1524 0.000481255 0.771192 0.601071 -0.437324 0.00239635
1525 0.000478849 0.7745 0.673625 -0.423433 0.00321857
1526 0.000476454 0.820775 0.656267 -0.436213 0.00314754
1527 0.000474072 0.643665 0.425366 0.0247115 0.0124996
1528 0.000471702 0.715504 0.631936 -0.41921 0.00228989
1529 0.000469343 0.924358 0.780116 -0.183555 0.0129415
1530 0.000466996 0.705883 0.641681 -0.409652 0.00240269
1531 0.000464661 0.686731 0.647954 -0.39783 0.00290233
1532 0.000462338 0.731846 0.694989 -0.40202 0.00424058
1533 0.000460026 0.777239 0.710915 -0.397653 0.00474726
1534 0.000457726 0.729782 0.593726 -0.421636 0.00261636
1535 0.000455438 0.760493 0.477961 -0.20802 0.00903521
1536 0.00045316 0.917992 0.582297 -0.376399 0.00362051
1537 0.000450895 0.809695 0.690836 -0.41526 0.00415459
1538 0.00044864 0.865055 0.546933 -0.381285 0.00468234
1539 0.000446397 0.7105 0.564259 -0.39819 0.00291319
1540 0.000444165 0.856708 0.559421 -0.402628 0.00333952
1541 0.000441944 0.792106 0.643077 -0.433535 0.00312167
1542 0.000439734 0.697544 0.610508 -0.409628 0.00250282
1543 0.000437536 0.924335 0.629168 -0.375364 0.00529413
1544 0.000435348 0.790745 0.680098 -0.420012 0.00399703
1545 0.000433171 0.693048 0.629914 -0.405447 0.00267906
1546 0.000431006 0.946419 0.453194 -0.0163838 0.0103774
1547 0.00042885 0.968511 0.617542 -0.321826 0.00497634
1548 0.000426706 0.904569 0.604726 -0.397147 0.00374963
1549 0.000424573 1.03825 0.605416 -0.218287 0.00549524
1550 0.00042245 0.798459 0.57086 -0.42873 0.00322128
1551 0.000420338 0.744412 0.853413 -0.234771 0.011168
1552 0.000418236 0.756465 0.602672 -0.433993 0.00289988
1553 0.000416145 0.744346 0.615868 -0.433872 0.00236
1554 0.000414064 0.962247 0.608428 -0.32901 0.00499038
1555 0.000411994 0.781908 0.824566 -0.267181 0.010515
1556 0.000409934 0.66681 0.780102 -0.345298 0.00583548
1557 0.000407884 0.689841 0.640334 -0.399122 0.00273181
1558 0.000405845 0.823927 0.614451 -0.444504 0.00275083
1559 0.000403815 0.765594 0.700732 -0.413621 0.00395654
1560 0.000401796 0.866054 0.497683 -0.259059 0.00643861
1561 0.000399787 0.758691 0.569438 -0.421194 0.00325079
1562 0.000397788 0.94587 0.71521 -0.280683 0.0108309
1563 0.000395799 0.726593 0.550888 -0.382221 0.00380888
1564 0.00039382 0.696748 0.516224 -0.337318 0.00571827
1565 0.000391851 0.687883 0.56605 -0.378099 0.00386492
1566 0.000389892 0.756875 0.707398 -0.394457 0.00502115
1567 0.000387943 0.765423 0.60726 -0.436836 0.00208343
1568 0.000386003 0.822299 0.631705 -0.441432 0.00300275
1569 0.000384073 0.712281 0.551892 -0.383262 0.00341846
1570 0.000382153 0.644289 0.72001 -0.352569 0.0044279
1571 0.000380242 0.971863 0.535654 -0.257118 0.00436557
1572 0.000378341 0.772596 0.535561 -0.38729 0.00486236
1573 0.000376449 0.823003 0.612655 -0.441995 0.00287677
1574 0.000374567 0.700095 0.676061 -0.405882 0.00282285
1575 0.000372694 0.816405 0.832604 -0.201793 0.0134845
1576 0.00037083 0.853452 0.409093 0.235483 0.0151163
1577 0.000368976 0.679127 0.697664 -0.384613 0.00347859
1578 0.000367131 0.767899 0.660751 -0.430162 0.00327687
1579 0.000365296 0.598655 0.647589 -0.322473 0.00364466
1580 0.000363469 0.919087 0.63599 -0.377028 0.00506387
1581 0.000361652 0.772855 0.51731 -0.345255 0.00624051
1582 0.000359844 0.854313 0.606122 -0.432701 0.00271746
1583 0.000358044 0.944642 0.560519 -0.332713 0.00444223
1584 0.000356254 0.734203 0.586542 -0.419709 0.00230034
1585 0.000354473 0.788555 0.699953 -0.404472 0.00494727
1586 0.0003527 0.792363 0.580398 -0.43335 0.00291037
1587 0.000350937 0.692281 0.722379 -0.385541 0.00376873
1588 0.000349182 0.703203 0.538781 -0.363866 0.00459138
1589 0.000347436 0.855521 0.578306 -0.421953 0.0031313
1590 0.000345699 0.752835 0.619692 -0.439889 0.00215342
1591 0.000343971 0.745367 0.565272 -0.414394 0.00355524
1592 0.000342251 0.694864 0.739466 -0.376451 0.00486895
1593 0.00034054 0.596292 0.717455 -0.329069 0.00379885
1594 0.000338837 0.78802 0.695378 -0.401763 0.00644746
1595 0.000337143 0.709906 0.595094 -0.412885 0.00256521
1596 0.000335457 0.842715 0.612022 -0.438572 0.00298273
1597 0.00033378 0.760226 0.604384 -0.437322 0.00250478
1598 0.000332111 1.03245 0.669319 -0.17236 0.00970914
1599 0.00033045 0.913097 0.60115 -0.387939 0.00361184
1600 0.000328798 0.798044 0.657782 -0.432526 0.00353891
1601 0.000327154 0.791379 0.671774 -0.420052 0.00402484
1602 0.000325518 0.831697 0.681182 -0.415412 0.00491409
1603 0.000323891 0.852263 0.686249 -0.395784 0.00518252
1604 0.000322271 0.654752 0.394001 0.279547 0.0170143
1605 0.00032066 0.845358 0.638763 -0.433654 0.00319233
1606 0.000319057 0.795152 0.578441 -0.434374 0.00290234
1607 0.000317461 0.798685 0.816086 -0.263073 0.0114221
1608 0.000315874 0.772041 0.630645 -0.444806 0.00225515
1609 0.000314295 0.736149 0.54815 -0.39567 0.00372755
1610 0.000312723 0.675095 0.604926 -0.385442 0.00239421
1611 0.00031116 0.756213 0.634645 -0.435986 0.00251592
1612 0.000309604 0.867846 0.469381 -0.129951 0.00896924
1613 0.000308056 0.574431 0.552745 -0.249985 0.004015
1614 0.000306515 0.731875 0.493156 -0.285679 0.00711139
1615 0.000304983 0.867703 0.637055 -0.42555 0.00384343
1616 0.000303458 0.788121 0.552517 -0.406267 0.00451663
1617 0.000301941 0.72887 0.508907 -0.32704 0.0067799
1618 0.000300431 0.688535 0.466912 -0.180873 0.00968246
1619 0.000298929 0.811229 0.58984 -0.436302 0.00277356
1620 0.000297434 0.985469 0.631804 -0.298634 0.00600283
1621 0.000295947 0.717672 0.548998 -0.384266 0.00406948
1622 0.000294467 0.613405 0.463003 -0.151014 0.00903058
1623 0.000292995 1.05915 0.684519 -0.0707259 0.0115757
1624 0.00029153 0.729507 0.569139 -0.411104 0.00331353
1625 0.000290072 0.67495 0.83704 -0.297374 0.00764428
1626 0.000288622 0.882563 0.503427 -0.26909 0.00652017
1627 0.000287179 0.8521 0.56846 -0.421788 0.00367807
1628 0.000285743 0.861665 0.587524 -0.424533 0.00282862
1629 0.000284314 0.666336 0.669805 -0.381434 0.00326963
1630 0.000282893 0.817458 0.586973 -0.435194 0.00285486
1631 0.000281478 0.700952 0.69567 -0.395052 0.00339657
1632 0.000280071 0.744096 0.642518 -0.426627 0.00263874
1633 0.00027867 0.764016 0.521846 -0.345091 0.00523171
1634 0.000277277 0.941554 0.619456 -0.3658 0.00448256
1635 0.000275891 0.6814 0.699729 -0.381301 0.00387629
1636 0.000274511 0.537274 0.532926 -0.180521 0.0050284
1637 0.000273139 0.70154 0.73955 -0.366736 0.00477878
1638 0.000271773 0.668943 0.675403 -0.382099 0.00303718
1639 0.000270414 0.758981 0.687897 -0.404 0.00530169
1640 0.000269062 0.767319 0.741477 -0.353731 0.00705293
1641 0.000267717 0.739874 0.632267 -0.432539 0.00251797
1642 0.000266378 0.696812 0.894743 -0.202987 0.0133551
1643 0.000265046 0.619436 0.486904 -0.219957 0.00744372
1644 0.000263721 0.923177 0.555702 -0.352863 0.00436278
1645 0.000262402 0.839034 0.751664 -0.325727 0.00827927
1646 0.00026109 0.879745 0.597492 -0.415834 0.00341376
1647 0.000259785 0.756707 0.652794 -0.434178 0.00278067
1648 0.000258486 0.995915 0.568605 -0.271428 0.00438629
1649 0.000257194 0.794433 0.436945 0.0191114 0.0118661
1650 0.000255908 0.863854 0.648348 -0.421258 0.00395148
1651 0.000254628 0.994447 0.592788 -0.291447 0.00466706
1652 0.000253355 0.702729 0.624966 -0.411894 0.00262164
1653 0.000252088 0.856183 0.474825 -0.159683 0.00823066
1654 0.000250828 0.681497 0.64304 -0.396329 0.00244815
1655 0.000249574 0.567484 0.578666 -0.260192 0.00460931
1656 0.000248326 0.779827 0.587951 -0.438571 0.00273051
1657 0.000247084 0.777126 0.58414 -0.433383 0.00285625
1658 0.000245849 0.821688 0.498073 -0.276659 0.00705621
1659 0.000244619 0.744147 0.599419 -0.433394 0.00262415
1660 0.000243396 0.625436 0.762256 -0.33326 0.0050297
1661 0.000242179 0.79382 0.610255 -0.440617 0.00255968
1662 0.000240968 0.788232 0.625708 -0.439117 0.00299091
1663 0.000239764 0.826138 0.727933 -0.374298 0.00678477
1664 0.000238565 0.716588 0.600435 -0.418451 0.00242299
1665 0.000237372 0.894605 0.569793 -0.391653 0.00378419
1666 0.000236185 0.656164 0.691256 -0.365155 0.00424687
1667 0.000235004 0.845669 0.763519 -0.316266 0.00841958
1668 0.000233829 0.712864 0.551255 -0.379343 0.00405457
1669 0.00023266 0.769984 0.686313 -0.4128 0.00581155
1670 0.000231497 0.982782 0.775601 -0.0724137 0.0151361
1671 0.000230339 0.87281 0.506553 -0.290984 0.00705629
1672 0.000229188 0.836364 0.700361 -0.390004 0.00600236
1673 0.000228042 0.677404 0.538428 -0.353897 0.00419774
1674 0.000226901 0.783336 0.603006 -0.441769 0.00228905
1675 0.000225767 0.919646 0.624041 -0.397108 0.00384175
1676 0.000224638 0.9091 0.637085 -0.3947 0.00411104
1677 0.000223515 0.84872 0.577028 -0.426623 0.00359933
1678 0.000222397 0.93037 0.681204 -0.328483 0.0069573
1679 0.000221285 0.881013 0.414155 0.174073 0.0142573
1680 0.000220179 0.639993 0.620086 -0.35944 0.00328851
1681 0.000219078 0.854068 0.633737 -0.424971 0.00397478
1682 0.000217983 0.670005 0.562809 -0.361453 0.00337596
1683 0.000216893 0.720801 0.685294 -0.409352 0.00311101
1684 0.000215808 0.805281 0.604638 -0.441879 0.00291782
1685 0.000214729 0.698452 0.701366 -0.387359 0.00418204
1686 0.000213656 0.786832 0.544411 -0.388944 0.0042839
1687 0.000212587 0.772318 0.728019 -0.373442 0.00596302
1688 0.000211524 0.894074 0.750342 -0.253181 0.0118735
1689 0.000210467 0.680119 0.5904 -0.389201 0.00286396
1690 0.000209414 0.712916 0.638654 -0.415658 0.00234496
1691 0.000208367 0.831135 0.636466 -0.438041 0.00296585
1692 0.000207325 0.844897 0.685246 -0.402233 0.00526753
1693 0.000206289 0.965124 0.663591 -0.305851 0.00626927
1694 0.000205257 0.951258 0.399764 0.327261 0.012933
1695 0.000204231 0.91031 0.478461 -0.155033 0.00819744
1696 0.00020321 0.872358 0.725762 -0.325953 0.00901841
1697 0.000202194 0.698452 0.515007 -0.320513 0.00610343
1698 0.000201183 0.923244 0.45274 -0.0337071 0.0102715
1699 0.000200177 1.09723 0.845736 0.525149 0.0248075
1700 0.000199176 0.541656 0.393402 0.187166 0.0137728
1701 0.00019818 0.837733 0.568631 -0.410883 0.00297102
1702 0.000197189 0.871805 0.559829 -0.396827 0.00417443
1703 0.000196203 0.706028 0.560229 -0.392381 0.00307429
1704 0.000195222 0.797129 0.532285 -0.380155 0.00479409
1705 0.000194246 0.844745 0.704515 -0.380886 0.00547426
1706 0.000193275 0.59278 0.663975 -0.318073 0.00423036
1707 0.000192309 0.714368 0.585262 -0.409221 0.00268298
1708 0.000191347 0.816329 0.607235 -0.439385 0.00272471
1709 0.00019039 0.896017 0.688285 -0.355288 0.00586213
1710 0.000189438 0.933801 0.702106 -0.295926 0.00775134
1711 0.000188491 0.816472 0.488884 -0.248267 0.00928932
1712 0.000187549 0.741754 0.636322 -0.428799 0.00228475
1713 0.000186611 0.784377 0.817868 -0.252243 0.0110674
1714 0.000185678 0.612714 0.610901 -0.334043 0.00367355
1715 0.00018475 0.684615 0.635487 -0.397817 0.00295248
1716 0.000183826 0.784648 0.510817 -0.312671 0.00603063
1717 0.000182907 0.79478 0.636178 -0.440566 0.00254177
1718 0.000181992 0.788825 0.772829 -0.317234 0.00861522
1719 0.000181082 0.743663 0.685535 -0.410415 0.00431813
1720 0.000180177 0.866467 0.597733 -0.425051 0.00256622
1721 0.000179276 0.796214 0.625545 -0.440593 0.00249311
1722 0.00017838 0.82476 0.596987 -0.444911 0.00245029
1723 0.000177488 0.779305 0.719125 -0.377117 0.00529314
1724 0.0001766 0.85799 0.657796 -0.412252 0.00416546
1725 0.000175717 0.951386 0.613337 -0.35452 0.00401565
1726 0.000174839 0.681833 0.697724 -0.38133 0.0037011
1727 0.000173964 0.768966 0.439358 -0.045352 0.0123704
1728 0.000173095 0.747465 0.508422 -0.315553 0.0061239
1729 0.000172229 0.706037 0.521424 -0.343396 0.0048538
1730 0.000171368 0.579766 0.68369 -0.309398 0.00418513
1731 0.000170511 0.973558 0.527099 -0.247815 0.00520373
1732 0.000169659 0.68989 0.585221 -0.390581 0.00288035
1733 0.00016881 0.663771 0.526542 -0.324474 0.0043306
1734 0.000167966 0.665909 0.829316 -0.295636 0.00791047
1735 0.000167126 0.798103 0.458556 -0.126607 0.00977736
1736 0.000166291 0.757016 0.729396 -0.380714 0.00578354
1737 0.000165459 0.749885 0.606562 -0.435388 0.00265574
1738 0.000164632 0.618639 0.452109 -0.101406 0.00971422
1739 0.000163809 0.597655 0.68198 -0.334241 0.00431261
1740 0.00016299 0.839451 0.51519 -0.318249 0.00570871
1741 0.000162175 0.631317 0.70565 -0.357528 0.00379653
1742 0.000161364 0.748418 0.632827 -0.429325 0.00331278
1743 0.000160557 0.675392 0.718232 -0.376986 0.00407156
1744 0.000159754 0.640227 0.429275 0.0108018 0.0105878
1745 0.000158956 0.754611 0.433194 0.0162563 0.0116589
1746 0.000158161 0.716543 0.705345 -0.387468 0.00447825
1747 0.00015737 0.816245 0.742269 -0.337173 0.00793026
1748 0.000156583 1.02406 0.567021 -0.230885 0.00468847
1749 0.0001558 0.816305 0.740219 -0.345648 0.00753515
1750 0.000155021 0.818788 0.50344 -0.299255 0.00742634
1751 0.000154246 0.682721 0.616342 -0.396743 0.00306954
1752 0.000153475 0.639195 0.743985 -0.339689 0.00454711
1753 0.000152708 0.820319 0.530558 -0.363691 0.00475861
1754 0.000151944 0.835725 0.584715 -0.430319 0.00325046
1755 0.000151184 0.764084 0.57812 -0.428153 0.00299469
1756 0.000150428 0.836356 0.519846 -0.340515 0.00460196
1757 0.000149676 0.945115 0.724963 -0.252483 0.0115425
1758 0.000148928 0.813697 0.703383 -0.393937 0.00485333
1759 0.000148183 0.93626 0.508275 -0.241011 0.00611184
1760 0.000147442 0.73395 0.495426 -0.278258 0.00788779
1761 0.000146705 0.833525 0.530739 -0.36215 0.00475416
1762 0.000145972 0.822497 0.843207 -0.207742 0.0158094
1763 0.000145242 0.877588 0.733476 -0.314952 0.00831995
1764 0.000144516 0.764703 0.63024 -0.43981 0.00261489
1765 0.000143793 0.726494 0.572451 -0.407185 0.0029992
1766 0.000143074 0.901834 0.536158 -0.337626 0.00499208
1767 0.000142359 0.797586 0.750841 -0.343741 0.0071822
1768 0.000141647 0.767954 0.5168 -0.351526 0.00564264
1769 0.000140939 0.846428 0.691799 -0.391457 0.00536464
1770 0.000140234 0.77667 0.456248 -0.111123 0.0100938
1771 0.000139533 0.840079 0.608246 -0.435294 0.00353964
1772 0.000138835 0.605498 0.581052 -0.311818 0.00372749
1773 0.000138141 0.824899 0.708897 -0.375649 0.00711057
1774 0.00013745 0.531306 0.818271 -0.281874 0.00717502
1775 0.000136763 0.683395 0.561115 -0.376352 0.00382151
1776 0.000136079 0.803644 0.623353 -0.445963 0.00246895
1777 0.000135399 0.977672 0.741496 -0.170387 0.0098722
1778 0.000134722 0.874522 0.6825 -0.379069 0.00569189
1779 0.000134048 0.893248 0.576796 -0.397554 0.00364526
1780 0.000133378 0.987303 0.589924 -0.298169 0.00441763
1781 0.000132711 0.772268 0.567372 -0.425599 0.00321427
1782 0.000132047 0.846846 0.595738 -0.434811 0.00308325
1783 0.000131387 0.713104 0.531758 -0.356807 0.00494926
1784 0.00013073 0.839451 0.662913 -0.421871 0.00493502
1785 0.000130077 0.585565 0.729393 -0.316505 0.00489267
1786 0.000129426 0.736391 0.538042 -0.38121 0.00442648
1787 0.000128779 0.679859 0.54707 -0.359649 0.00373607
1788 0.000128135 0.828283 0.387634 0.413252 0.0165286
1789 0.000127495 0.66056 0.414792 0.086468 0.0150014
1790 0.000126857 0.719569 0.755944 -0.364053 0.00575009
1791 0.000126223 0.695434 0.534457 -0.355224 0.00424936
1792 0.000125592 0.725236 0.576869 -0.414858 0.00291596
1793 0.000124964 0.732452 0.544097 -0.3866 0.00406101
1794 0.000124339 0.85993 0.634651 -0.427655 0.00363253
1795 0.000123717 0.900997 0.625503 -0.397739 0.00477355
1796 0.000123099 0.661633 0.613875 -0.376775 0.00289769
1797 0.000122483 0.782326 0.692096 -0.413552 0.00420097
1798 0.000121871 0.706924 0.526638 -0.347156 0.00557459
1799 0.000121261 0.994322 0.516231 -0.196271 0.00565684
1800 0.000120655 0.717554 0.512007 -0.327851 0.00547964
1801 0.000120052 0.729111 0.596313 -0.422963 0.00250204
1802 0.000119451 0.78913 0.635179 -0.443441 0.00247148
1803 0.000118854 0.738921 0.753971 -0.365314 0.00574854
1804 0.00011826 0.930547 0.581362 -0.366819 0.00373886
1805 0.000117669 0.854632 0.53852 -0.371067 0.00440123
1806 0.00011708 0.994182 0.702326 -0.203615 0.0104169
1807 0.000116495 0.761015 0.61826 -0.435802 0.002715
1808 0.000115912 0.756533 0.773032 -0.340002 0.00735908
1809 0.000115333 0.669947 0.628606 -0.390332 0.00310161
1810 0.000114756 0.794121 0.64271 -0.438952 0.00281556
1811 0.000114182 0.881144 0.703723 -0.359976 0.0068348
1812 0.000113612 0.67097 0.619975 -0.388279 0.00299163
1813 0.000113043 0.661203 0.616491 -0.379063 0.00285448
1814 0.000112478 0.80653 0.57582 -0.424443 0.00250098
1815 0.000111916 0.813399 0.666366 -0.430203 0.00371535
1816 0.000111356 1.00703 0.520801 -0.198625 0.00536816
1817 0.000110799 0.724204 0.561455 -0.401535 0.00339501
1818 0.000110245 0.715345 0.690656 -0.403115 0.0036515
1819 0.000109694 0.839077 0.530371 -0.361376 0.00455604
1820 0.000109146 0.754748 0.569559 -0.417491 0.00334731
1821 0.0001086 0.977835 0.71457 -0.214978 0.0104808
1822 0.000108057 0.859873 0.713051 -0.372144 0.00614665
1823 0.000107517 0.961229 0.610195 -0.340018 0.00467036
1824 0.000106979 0.781309 0.674205 -0.420062 0.00404954
1825 0.000106444 0.679463 0.759064 -0.34681 0.0052165
1826 0.000105912 0.803189 0.631714 -0.446817 0.00241622
1827 0.000105383 0.897433 0.558184 -0.373527 0.00341765
1828 0.000104856 0.656917 0.509961 -0.287743 0.00586637
1829 0.000104331 0.690072 0.592715 -0.401314 0.00276734
1830 0.00010381 0.836473 0.588193 -0.433651 0.00265063
1831 0.000103291 0.771994 0.629575 -0.438081 0.00289699
1832 0.000102774 0.942528 0.849963 0.00261734 0.0135509
1833 0.00010226 0.822955 0.33158 1.07428 0.0227065
1834 0.000101749 0.834533 0.602934 -0.439586 0.00249121
1835 0.00010124 0.861872 0.559434 -0.399059 0.00411012
1836 0.000100734 0.745792 0.67853 -0.419742 0.00353708
1837 0.00010023 0.739951 0.522834 -0.34769 0.0056372
1838 9.97292e-05 0.879854 0.778053 -0.240806 0.0110028
