1 23891
2 22408.8
3 21710.2
4 18356.7
5 18009.1
6 17055.8
7 15864.6
8 15077.9
9 14817.7
10 14817.7
11 14271
12 13196.8
13 12313.5
14 12301.1
15 11344.8
16 11034.2
17 10636.7
18 10557.8
19 10316.8
20 10125.3
21 9447.21
22 9196.57
23 9122.24
24 8741.55
25 8498
26 8353.63
27 8227.62
28 7957.5
29 7752.38
30 7648.56
31 7533.12
32 7578.37
33 7529.58
34 7449.54
35 7423.58
36 7330.11
37 7001.5
38 7001.5
39 7001.5
40 6981.93
41 6981.93
42 6968.91
43 6892.44
44 6892.44
45 6891.45
46 6848.01
47 6848.01
48 6611.36
49 6611.36
50 6611.36
51 6611.36
52 6575.38
53 6303.16
54 6303.16
55 6303.16
56 6251.34
57 6211.08
58 6161.92
59 6074.74
60 6074.74
61 5749.01
62 5749.01
63 5749.01
64 5749.01
65 5749.01
66 5749.01
67 5749.01
68 5749.01
69 5749.01
70 5734.9
71 5706.5
72 5679.31
73 5656.05
74 5654.15
75 5600.11
76 5576.85
77 5576.85
78 5560.46
79 5560.46
80 5511.73
81 5511.73
82 5511.73
83 5490.58
84 5467.36
85 5392.78
86 5392.78
87 5392.78
88 5384.15
89 5384.15
90 5384.15
91 5384.15
92 5361.53
93 5361.53
94 5361.53
95 5361.53
96 5267.78
97 5267.78
98 5267.78
99 5267.78
100 5267.78
101 4877.08
102 4877.08
103 4908.02
104 4877.08
105 4877.08
106 4867.46
107 4853.54
108 4853.54
109 4853.54
110 4852.41
111 4852.41
112 4852.41
113 4852.41
114 4852.41
115 4852.41
116 4852.41
117 4852.41
118 4852.41
119 4852.41
120 4852.41
121 4852.41
122 4852.41
123 4852.41
124 4852.41
125 4852.41
126 4852.41
127 4852.41
128 4852.41
129 4852.41
130 4852.41
131 4852.41
132 4845.16
133 4845.16
134 4845.16
135 4845.16
136 4845.16
137 4845.16
138 4845.16
139 4845.16
140 4845.16
141 4784.36
142 4845.16
143 4845.16
144 4845.16
145 4845.16
146 4845.16
147 4845.16
148 4845.16
149 4845.16
150 4832.31
151 4832.31
152 4832.31
153 4832.31
154 4832.31
155 4825.97
156 4825.97
157 4825.97
158 4825.97
159 4825.97
160 4825.97
161 4825.97
162 4825.97
163 4825.97
164 4825.97
165 4823.7
166 4823.7
167 4823.7
168 4821.08
169 4821.08
170 4821.08
171 4821.08
172 4821.08
173 4821.08
174 4821.08
175 4821.08
176 4821.08
177 4821.08
178 4821.08
179 4821.08
180 4817.05
181 4683.46
182 4683.46
183 4683.46
184 4683.46
185 4683.46
186 4683.46
187 4651.78
188 4651.78
189 4651.78
190 4651.78
191 4651.78
192 4651.78
193 4651.78
194 4651.78
195 4651.78
196 4651.78
197 4651.78
198 4651.78
199 4650.55
200 4650.55
201 4650.55
202 4650.55
203 4650.55
204 4650.55
205 4650.55
206 4650.55
207 4650.55
208 4650.55
209 4650.55
210 4650.55
211 4650.55
212 4650.55
213 4650.55
214 4650.55
215 4650.55
216 4650.55
217 4650.55
218 4650.55
219 4650.55
220 4650.55
221 4642.06
222 4642.06
223 4642.06
224 4642.06
225 4642.06
226 4642.06
227 4642.06
228 4636.72
229 4636.72
230 4636.72
231 4636.72
232 4636.72
233 4636.72
234 4636.72
235 4636.72
236 4636.72
237 4636.72
238 4636.72
239 4636.72
240 4636.72
241 4636.72
242 4636.72
243 4636.72
244 4636.72
245 4636.72
246 4636.72
247 4636.72
248 4636.72
249 4636.72
250 4636.72
251 4636.72
252 4636.72
253 4636.72
254 4636.72
255 4636.72
256 4636.72
257 4636.72
258 4636.72
259 4636.72
260 4636.72
261 4636.72
262 4636.72
263 4636.72
264 4636.72
265 4636.72
266 4636.72
267 4636.72
268 4636.72
269 4636.72
270 4636.72
271 4636.72
272 4636.72
273 4636.72
274 4636.72
275 4636.72
276 4636.72
277 4636.72
278 4636.72
279 4636.72
280 4636.72
281 4623.23
282 4623.23
283 4621.37
284 4621.37
285 4621.37
286 4621.37
287 4621.37
288 4621.37
289 4621.37
290 4621.37
291 4621.37
292 4621.37
293 4621.37
294 4621.37
295 4621.37
296 4621.37
297 4621.37
298 4621.37
299 4621.37
300 4621.37
301 4621.37
302 4621.37
303 4621.37
304 4621.37
305 4621.37
306 4621.37
307 4621.37
308 4621.37
309 4621.37
310 4621.37
311 4621.37
312 4621.37
313 4621.37
314 4621.37
315 4621.37
316 4621.37
317 4621.37
318 4621.37
319 4621.37
320 4621.37
321 4621.37
322 4621.37
323 4621.37
324 4621.37
325 4621.37
326 4621.37
327 4621.37
328 4621.37
329 4621.37
330 4621.37
331 4621.37
332 4619.04
333 4619.04
334 4619.04
335 4619.04
336 4619.04
337 4619.04
338 4619.04
339 4619.04
340 4619.04
341 4619.04
342 4619.04
343 4619.04
344 4619.04
345 4619.04
346 4619.04
347 4619.04
348 4619.04
349 4619.04
350 4619.04
351 4619.04
352 4619.04
353 4619.04
354 4619.04
355 4619.04
356 4619.04
357 4619.04
358 4619.04
359 4619.04
360 4619.04
361 4619.04
362 4619.04
363 4619.04
364 4619.04
365 4619.04
366 4619.04
367 4619.04
368 4619.04
369 4619.04
370 4619.04
371 4619.04
372 4619.04
373 4619.04
374 4619.04
375 4619.04
376 4619.04
377 4619.04
378 4619.04
379 4619.04
380 4619.04
381 4619.04
382 4617.9
383 4617.9
384 4617.9
385 4617.9
386 4617.9
387 4617.9
388 4617.9
389 4617.9
390 4617.9
391 4617.9
392 4617.9
393 4617.9
394 4617.9
395 4617.9
396 4617.9
397 4617.9
398 4617.9
399 4617.9
400 4617.9
401 4617.9
402 4617.9
403 4617.9
404 4617.9
405 4617.9
406 4617.9
407 4617.9
408 4617.9
409 4617.9
410 4617.9
411 4617.9
412 4617.9
413 4617.9
414 4617.9
415 4617.9
416 4617.9
417 4617.9
418 4617.9
419 4617.9
420 4617.9
421 4617.9
422 4617.9
423 4617.9
424 4617.9
425 4617.9
426 4617.9
427 4617.9
428 4617.9
429 4617.9
430 4617.9
431 4617.9
432 4617.9
433 4617.9
434 4617.9
435 4617.9
436 4617.9
437 4617.9
438 4617.9
439 4617.9
440 4617.9
441 4617.9
442 4617.9
443 4617.9
444 4617.9
445 4617.9
446 4617.9
447 4617.9
448 4617.9
449 4617.9
450 4617.9
451 4617.9
452 4617.9
453 4617.9
454 4617.9
455 4617.9
456 4617.9
457 4617.9
458 4617.9
459 4617.9
460 4617.9
461 4617.9
462 4617.9
463 4617.9
464 4617.9
465 4617.9
466 4617.9
467 4617.9
468 4617.9
469 4617.9
470 4617.9
471 4617.9
472 4617.9
473 4617.9
474 4617.9
475 4617.9
476 4617.9
477 4617.9
478 4617.9
479 4617.9
480 4617.9
481 4617.9
482 4617.9
483 4617.9
484 4617.9
485 4617.9
486 4617.9
487 4617.9
488 4617.9
489 4617.9
490 4617.9
491 4617.9
492 4617.9
493 4617.9
494 4617.9
495 4617.9
496 4617.9
497 4617.9
498 4617.9
499 4617.9
500 4617.9
501 4617.9
502 4617.9
503 4617.9
504 4617.9
505 4617.9
506 4617.9
507 4617.9
508 4617.9
509 4617.9
510 4617.9
511 4617.9
512 4617.9
513 4617.9
514 4617.9
515 4617.9
516 4617.9
517 4617.9
518 4617.9
519 4617.9
520 4617.9
521 4617.9
522 4617.9
523 4617.9
524 4617.9
525 4617.9
526 4617.9
527 4617.9
528 4617.9
529 4617.9
530 4617.9
531 4617.9
532 4617.9
533 4617.9
534 4617.9
535 4617.9
536 4617.9
537 4617.9
538 4617.9
539 4617.9
540 4617.9
541 4617.9
542 4617.9
543 4617.9
544 4617.9
545 4617.9
546 4617.9
547 4617.9
548 4617.9
549 4617.9
550 4617.9
551 4617.9
552 4617.9
553 4617.9
554 4617.9
555 4617.9
556 4617.9
557 4617.9
558 4617.9
559 4617.9
560 4617.9
561 4617.9
562 4617.9
563 4617.9
564 4617.9
565 4617.9
566 4617.9
567 4617.9
568 4617.9
569 4617.9
570 4617.9
571 4617.9
572 4617.9
573 4617.9
574 4617.9
575 4617.9
576 4617.9
577 4617.9
578 4617.9
579 4617.9
580 4617.9
581 4617.9
582 4617.9
583 4617.9
584 4617.9
585 4617.9
586 4617.9
587 4617.9
588 4617.9
589 4617.9
590 4617.9
591 4617.9
592 4617.9
593 4617.9
594 4617.9
595 4617.9
596 4617.9
597 4617.9
598 4617.9
599 4617.9
600 4617.9
601 4617.9
602 4617.9
603 4617.9
604 4617.9
605 4617.9
606 4617.9
607 4617.9
608 4617.9
609 4617.9
610 4617.9
611 4617.9
612 4617.9
613 4617.9
614 4617.9
615 4617.9
616 4617.9
617 4617.9
618 4617.9
619 4617.9
620 4617.9
621 4617.9
622 4617.9
623 4617.9
624 4617.9
625 4617.9
626 4617.9
627 4617.9
628 4617.9
629 4617.9
630 4617.9
631 4617.9
632 4617.9
633 4617.9
634 4617.9
635 4617.9
636 4617.9
637 4617.9
638 4617.9
639 4617.9
640 4617.9
641 4617.9
642 4617.9
643 4617.9
644 4617.9
645 4617.9
646 4617.9
647 4617.9
648 4617.9
649 4617.9
650 4617.9
651 4617.9
652 4617.9
653 4617.9
654 4617.9
655 4617.9
656 4617.9
657 4617.9
658 4617.9
659 4617.9
660 4617.9
661 4617.9
662 4617.9
663 4617.9
664 4617.9
665 4617.9
666 4617.9
667 4617.9
668 4617.9
669 4617.9
670 4617.9
671 4617.9
672 4617.9
673 4617.9
674 4617.9
675 4617.9
676 4617.9
677 4617.9
678 4617.9
679 4617.9
680 4617.9
681 4617.9
682 4617.9
683 4617.9
684 4617.9
685 4617.9
686 4617.9
687 4617.9
688 4617.9
689 4617.9
690 4617.9
691 4617.9
692 4617.9
693 4617.9
694 4617.9
695 4617.9
696 4617.9
697 4617.9
698 4617.9
699 4617.9
700 4617.9
701 4617.9
702 4617.9
703 4617.9
704 4617.9
705 4617.9
706 4617.9
707 4617.9
708 4617.9
709 4617.9
710 4617.9
711 4617.9
712 4617.9
713 4617.9
714 4617.9
715 4617.9
716 4617.9
717 4617.9
718 4617.9
719 4617.9
720 4617.9
721 4617.9
722 4617.9
723 4617.9
724 4617.9
725 4617.9
726 4617.9
727 4617.9
728 4617.9
729 4617.9
730 4617.9
731 4617.9
732 4617.9
733 4617.9
734 4617.9
735 4617.9
736 4617.9
737 4617.9
738 4617.9
739 4617.9
740 4617.9
741 4617.9
742 4617.9
743 4617.9
744 4617.9
745 4617.9
746 4617.9
747 4617.9
748 4617.9
749 4617.9
750 4617.9
751 4617.9
752 4617.9
753 4617.9
754 4617.9
755 4617.9
756 4617.9
757 4617.9
758 4617.9
759 4617.9
760 4617.9
761 4617.9
762 4617.9
763 4617.9
764 4617.9
765 4617.9
766 4617.9
767 4617.9
768 4617.9
769 4617.9
770 4617.9
771 4617.9
772 4617.9
773 4617.9
774 4617.9
775 4617.9
776 4617.9
777 4617.9
778 4617.9
779 4617.9
780 4617.9
781 4617.9
782 4617.9
783 4617.9
784 4617.9
785 4617.9
786 4617.9
787 4617.9
788 4617.9
789 4617.9
790 4617.9
791 4617.9
792 4617.9
793 4617.9
794 4617.9
795 4617.9
796 4617.9
797 4617.9
798 4617.9
799 4617.9
800 4617.9
801 4617.9
802 4617.9
803 4617.9
804 4617.9
805 4617.9
806 4617.9
807 4617.9
808 4617.9
809 4617.9
810 4617.9
811 4617.9
812 4617.9
813 4617.9
814 4617.9
815 4617.9
816 4617.9
817 4617.9
818 4617.9
819 4617.9
820 4617.9
821 4617.9
822 4617.9
823 4617.9
824 4617.9
825 4617.9
826 4617.9
827 4617.9
828 4617.9
829 4617.9
830 4617.9
831 4617.9
832 4617.9
833 4617.9
834 4617.9
835 4617.9
836 4617.9
837 4617.9
838 4617.9
839 4617.9
840 4617.9
841 4617.9
842 4617.9
843 4617.9
844 4617.9
845 4617.9
846 4617.9
847 4617.9
848 4617.9
849 4617.9
850 4617.9
851 4617.9
852 4617.9
853 4617.9
854 4617.9
855 4617.9
856 4617.9
857 4617.9
858 4617.9
859 4617.9
860 4617.9
861 4617.9
862 4617.9
863 4617.9
864 4617.9
865 4617.9
866 4617.9
867 4617.9
868 4617.9
869 4617.9
870 4617.9
871 4617.9
872 4617.9
873 4617.9
874 4617.9
875 4617.9
876 4617.9
877 4617.9
878 4617.9
879 4617.9
880 4617.9
881 4617.9
882 4617.9
883 4617.9
884 4617.9
885 4617.9
886 4617.9
887 4617.9
888 4617.9
889 4617.9
890 4617.9
891 4617.9
892 4617.9
893 4617.9
894 4617.9
895 4617.9
896 4617.9
897 4617.9
898 4617.9
899 4617.9
900 4617.9
901 4617.9
902 4617.9
903 4617.9
904 4617.9
905 4617.9
906 4617.9
907 4617.9
908 4617.9
909 4617.9
910 4617.9
911 4617.9
912 4617.9
913 4617.9
914 4617.9
915 4617.9
916 4617.9
917 4617.9
918 4617.9
919 4617.9
920 4617.9
921 4617.9
922 4617.9
923 4617.9
924 4617.9
925 4617.9
926 4617.9
927 4617.9
928 4617.9
929 4617.9
930 4617.9
931 4617.9
932 4617.9
933 4617.9
934 4617.9
935 4617.9
936 4617.9
937 4617.9
938 4617.9
939 4617.9
940 4617.9
941 4617.9
942 4617.9
943 4617.9
944 4617.9
945 4617.9
946 4617.9
947 4617.9
948 4617.9
949 4617.9
950 4617.9
951 4617.9
952 4617.9
953 4617.9
954 4617.9
955 4617.9
956 4617.9
957 4617.9
958 4617.9
959 4617.9
960 4617.9
961 4617.9
962 4617.9
963 4617.9
964 4617.9
965 4617.9
966 4617.9
967 4617.9
968 4617.9
969 4617.9
970 4617.9
971 4617.9
972 4617.9
973 4617.9
974 4617.9
975 4617.9
976 4617.9
977 4617.9
978 4617.9
979 4617.9
980 4617.9
981 4617.9
982 4617.9
983 4617.9
984 4617.9
985 4617.9
986 4617.9
987 4617.9
988 4617.9
989 4617.9
990 4617.9
991 4617.9
992 4617.9
993 4617.9
994 4617.9
995 4617.9
996 4617.9
997 4617.9
998 4617.9
999 4617.9
1000 4617.9
1001 4617.9
