1 34765.1
2 30404.8
3 27664.6
4 25688.6
5 23601.7
6 21678.3
7 20381.9
8 19356
9 18433.4
10 17620.1
11 16883.7
12 16229.2
13 15366.1
14 14399.1
15 13654.7
16 12936.2
17 12231.4
18 11887.8
19 11604.6
20 11383.8
21 11194.9
22 11053.6
23 10878.3
24 10660.6
25 10428.9
26 10182.8
27 9865.68
28 9469.49
29 9193.69
30 9065.77
31 8945.81
32 8710.08
33 8485.38
34 8351.98
35 8153.35
36 8052.17
37 7916.03
38 7759.14
39 7670.45
40 7563.58
41 7477.8
42 7344.82
43 7230.74
44 7096.65
45 6981.4
46 6900.49
47 6828.78
48 6775.85
49 6685.49
50 6410.12
51 6340.63
52 6295.33
53 6261.51
54 6239.24
55 6195.47
56 6140.6
57 6013.62
58 5961.63
59 5947.95
60 5914.99
61 5896.11
62 5844.31
63 5785.78
64 5748.51
65 5700.47
66 5586.09
67 5531.55
68 5507.42
69 5475.36
70 5408.4
71 5344.22
72 5258.8
73 5219.3
74 5184.45
75 5124.93
76 5121.59
77 5116.72
78 5099.36
79 5090.22
80 5087.83
81 5086.44
82 5080.2
83 5053.61
84 5023.64
85 5008.19
86 4998.11
87 4996.82
88 4995.51
89 4987.68
90 4973.51
91 4971.69
92 4971.47
93 4970.61
94 4966.7
95 4956.21
96 4950.27
97 4943.15
98 4932.85
99 4917.13
100 4886.97
101 4872.12
102 4856.04
103 4852
104 4851.5
105 4848.84
106 4840.14
107 4826.71
108 4817.43
109 4814.92
110 4810.88
111 4810.37
112 4808.06
113 4796.31
114 4790.69
115 4789.97
116 4789.55
117 4788.94
118 4788.23
119 4786.68
120 4784.98
121 4784.98
122 4784.98
123 4784.98
124 4784.98
125 4784.98
126 4784.98
127 4784.98
128 4784.98
129 4784.98
130 4784.98
131 4784.98
132 4784.96
133 4784.87
134 4784.45
135 4783.07
136 4782.67
137 4782.48
138 4781.47
139 4781.37
140 4781.37
141 4781.1
142 4780.44
143 4779.41
144 4775.21
145 4765.85
146 4743.8
147 4711.72
148 4711.54
149 4710.62
150 4710.19
151 4710.19
152 4710.19
153 4710.19
154 4710.19
155 4710.19
156 4710.19
157 4710.19
158 4710.19
159 4710.19
160 4710.19
161 4710.03
162 4709.55
163 4708.44
164 4704.57
165 4691.09
166 4669.46
167 4668.76
168 4667.27
169 4666.85
170 4666.85
171 4666.85
172 4666.85
173 4666.85
174 4666.85
175 4666.85
176 4666.85
177 4666.85
178 4666.85
179 4666.85
180 4666.85
181 4666.85
182 4666.85
183 4666.85
184 4666.85
185 4666.85
186 4666.85
187 4666.85
188 4666.85
189 4666.85
190 4666.85
191 4666.85
192 4666.85
193 4666.85
194 4666.85
195 4666.85
196 4666.85
197 4666.85
198 4666.85
199 4666.85
200 4666.85
201 4666.85
202 4666.85
203 4666.85
204 4666.85
205 4666.85
206 4666.85
207 4666.85
208 4666.85
209 4666.85
210 4666.85
211 4666.85
212 4666.85
213 4666.85
214 4666.85
215 4666.85
216 4666.85
217 4666.85
218 4666.85
219 4666.85
220 4666.85
221 4666.7
222 4665.92
223 4663.12
224 4651.2
225 4630.03
226 4627.84
227 4627.84
228 4627.84
229 4627.84
230 4627.84
231 4627.84
232 4627.84
233 4627.84
234 4627.84
235 4627.84
236 4627.84
237 4627.84
238 4627.84
239 4627.84
240 4627.84
241 4627.84
242 4627.84
243 4627.84
244 4627.84
245 4627.84
246 4627.84
247 4627.84
248 4627.84
249 4627.84
250 4627.84
251 4627.84
252 4627.84
253 4627.84
254 4627.84
255 4627.84
256 4627.84
257 4627.84
258 4627.84
259 4627.84
260 4627.84
261 4627.84
262 4627.84
263 4627.84
264 4627.84
265 4627.84
266 4627.84
267 4627.84
268 4627.84
269 4627.84
270 4627.84
271 4627.84
272 4627.84
273 4627.84
274 4627.84
275 4627.84
276 4627.84
277 4627.84
278 4627.84
279 4627.84
280 4627.84
281 4627.82
282 4627.73
283 4627.36
284 4626.07
285 4623.23
286 4623.23
287 4623.23
288 4623.23
289 4623.23
290 4623.23
291 4623.23
292 4623.23
293 4623.23
294 4623.23
295 4623.23
296 4623.23
297 4623.23
298 4623.23
299 4623.23
300 4623.23
301 4623.23
302 4623.23
303 4623.23
304 4623.23
305 4623.23
306 4623.23
307 4623.23
308 4623.23
309 4623.23
310 4623.23
311 4623.23
312 4623.23
313 4623.23
314 4623.23
315 4623.23
316 4623.23
317 4623.23
318 4623.23
319 4623.23
320 4623.23
321 4623.23
322 4623.2
323 4623.14
324 4622.73
325 4621.37
326 4621.37
327 4621.37
328 4621.37
329 4621.37
330 4621.37
331 4621.37
332 4621.37
333 4621.36
334 4621.33
335 4621.17
336 4620.29
337 4619.04
338 4619.04
339 4619.04
340 4619.04
341 4619.04
342 4619.04
343 4619.04
344 4619.04
345 4619.04
346 4619.04
347 4619.04
348 4619.04
349 4619.04
350 4619.04
351 4619.04
352 4619.04
353 4619.04
354 4619.04
355 4619.04
356 4619.04
357 4619.04
358 4619.04
359 4619.04
360 4619.01
361 4618.89
362 4618.33
363 4617.9
364 4617.9
365 4617.9
366 4617.9
367 4617.9
368 4617.9
369 4617.9
370 4617.9
371 4617.9
372 4617.9
373 4617.9
374 4617.9
375 4617.9
376 4617.9
377 4617.9
378 4617.9
379 4617.9
380 4617.9
381 4617.9
382 4617.9
383 4617.9
384 4617.9
385 4617.9
386 4617.9
387 4617.9
388 4617.9
389 4617.9
390 4617.9
391 4617.9
392 4617.9
393 4617.9
394 4617.9
395 4617.9
396 4617.9
397 4617.9
398 4617.9
399 4617.9
400 4617.9
401 4617.9
402 4617.9
403 4617.9
404 4617.9
405 4617.9
406 4617.9
407 4617.9
408 4617.9
409 4617.9
410 4617.9
411 4617.9
412 4617.9
413 4617.9
414 4617.9
415 4617.9
416 4617.9
417 4617.9
418 4617.9
419 4617.9
420 4617.9
421 4617.9
422 4617.9
423 4617.9
424 4617.9
425 4617.9
426 4617.9
427 4617.9
428 4617.9
429 4617.9
430 4617.9
431 4617.9
432 4617.9
433 4617.9
434 4617.9
435 4617.9
436 4617.9
437 4617.9
438 4617.9
439 4617.9
440 4617.9
441 4617.9
442 4617.9
443 4617.9
444 4617.9
445 4617.9
446 4617.9
447 4617.9
448 4617.9
449 4617.9
450 4617.9
451 4617.9
452 4617.9
453 4617.9
454 4617.9
455 4617.9
456 4617.9
457 4617.9
458 4617.9
459 4617.9
460 4617.9
461 4617.9
462 4617.9
463 4617.9
464 4617.9
465 4617.9
466 4617.9
467 4617.9
468 4617.9
469 4617.9
470 4617.9
471 4617.9
472 4617.9
473 4617.9
474 4617.9
475 4617.9
476 4617.9
477 4617.9
478 4617.9
479 4617.9
480 4617.9
481 4617.9
482 4617.9
483 4617.9
484 4617.9
485 4617.9
486 4617.9
487 4617.9
488 4617.9
489 4617.9
490 4617.9
491 4617.9
492 4617.9
493 4617.9
494 4617.9
495 4617.9
496 4617.9
497 4617.9
498 4617.9
499 4617.9
500 4617.9
501 4617.9
502 4617.9
503 4617.9
504 4617.9
505 4617.9
506 4617.9
507 4617.9
508 4617.9
509 4617.9
510 4617.9
511 4617.9
512 4617.9
513 4617.9
514 4617.9
515 4617.9
516 4617.9
517 4617.9
518 4617.9
519 4617.9
520 4617.9
521 4617.9
522 4617.9
523 4617.9
524 4617.9
525 4617.9
526 4617.9
527 4617.9
528 4617.9
529 4617.9
530 4617.9
531 4617.9
532 4617.9
533 4617.9
534 4617.9
535 4617.9
536 4617.9
537 4617.9
538 4617.9
539 4617.9
540 4617.9
541 4617.9
542 4617.9
543 4617.9
544 4617.9
545 4617.9
546 4617.9
547 4617.9
548 4617.9
549 4617.9
550 4617.9
551 4617.9
552 4617.9
553 4617.9
554 4617.9
555 4617.9
556 4617.9
557 4617.9
558 4617.9
559 4617.9
560 4617.9
561 4617.9
562 4617.9
563 4617.9
564 4617.9
565 4617.9
566 4617.9
567 4617.9
568 4617.9
569 4617.9
570 4617.9
571 4617.9
572 4617.9
573 4617.9
574 4617.9
575 4617.9
576 4617.9
577 4617.9
578 4617.9
579 4617.9
580 4617.9
581 4617.9
582 4617.9
583 4617.9
584 4617.9
585 4617.9
586 4617.9
587 4617.9
588 4617.9
589 4617.9
590 4617.9
591 4617.9
592 4617.9
593 4617.9
594 4617.9
595 4617.9
596 4617.9
597 4617.9
598 4617.9
599 4617.9
600 4617.9
601 4617.9
602 4617.9
603 4617.9
604 4617.9
605 4617.9
606 4617.9
607 4617.9
608 4617.9
609 4617.9
610 4617.9
611 4617.9
612 4617.9
613 4617.9
614 4617.9
615 4617.9
616 4617.9
617 4617.9
618 4617.9
619 4617.9
620 4617.9
621 4617.9
622 4617.9
623 4617.9
624 4617.9
625 4617.9
626 4617.9
627 4617.9
628 4617.9
629 4617.9
630 4617.9
631 4617.9
632 4617.9
633 4617.9
634 4617.9
635 4617.9
636 4617.9
637 4617.9
638 4617.9
639 4617.9
640 4617.9
641 4617.9
642 4617.9
643 4617.9
644 4617.9
645 4617.9
646 4617.9
647 4617.9
648 4617.9
649 4617.9
650 4617.9
651 4617.9
652 4617.9
653 4617.9
654 4617.9
655 4617.9
656 4617.9
657 4617.9
658 4617.9
659 4617.9
660 4617.9
661 4617.9
662 4617.9
663 4617.9
664 4617.9
665 4617.9
666 4617.9
667 4617.9
668 4617.9
669 4617.9
670 4617.9
671 4617.9
672 4617.9
673 4617.9
674 4617.9
675 4617.9
676 4617.9
677 4617.9
678 4617.9
679 4617.9
680 4617.9
681 4617.9
682 4617.9
683 4617.9
684 4617.9
685 4617.9
686 4617.9
687 4617.9
688 4617.9
689 4617.9
690 4617.9
691 4617.9
692 4617.9
693 4617.9
694 4617.9
695 4617.9
696 4617.9
697 4617.9
698 4617.9
699 4617.9
700 4617.9
701 4617.9
702 4617.9
703 4617.9
704 4617.9
705 4617.9
706 4617.9
707 4617.9
708 4617.9
709 4617.9
710 4617.9
711 4617.9
712 4617.9
713 4617.9
714 4617.9
715 4617.9
716 4617.9
717 4617.9
718 4617.9
719 4617.9
720 4617.9
721 4617.9
722 4617.9
723 4617.9
724 4617.9
725 4617.9
726 4617.9
727 4617.9
728 4617.9
729 4617.9
730 4617.9
731 4617.9
732 4617.9
733 4617.9
734 4617.9
735 4617.9
736 4617.9
737 4617.9
738 4617.9
739 4617.9
740 4617.9
741 4617.9
742 4617.9
743 4617.9
744 4617.9
745 4617.9
746 4617.9
747 4617.9
748 4617.9
749 4617.9
750 4617.9
751 4617.9
752 4617.9
753 4617.9
754 4617.9
755 4617.9
756 4617.9
757 4617.9
758 4617.9
759 4617.9
760 4617.9
761 4617.9
762 4617.9
763 4617.9
764 4617.9
765 4617.9
766 4617.9
767 4617.9
768 4617.9
769 4617.9
770 4617.9
771 4617.9
772 4617.9
773 4617.9
774 4617.9
775 4617.9
776 4617.9
777 4617.9
778 4617.9
779 4617.9
780 4617.9
781 4617.9
782 4617.9
783 4617.9
784 4617.9
785 4617.9
786 4617.9
787 4617.9
788 4617.9
789 4617.9
790 4617.9
791 4617.9
792 4617.9
793 4617.9
794 4617.9
795 4617.9
796 4617.9
797 4617.9
798 4617.9
799 4617.9
800 4617.9
801 4617.9
802 4617.9
803 4617.9
804 4617.9
805 4617.9
806 4617.9
807 4617.9
808 4617.9
809 4617.9
810 4617.9
811 4617.9
812 4617.9
813 4617.9
814 4617.9
815 4617.9
816 4617.9
817 4617.9
818 4617.9
819 4617.9
820 4617.9
821 4617.9
822 4617.9
823 4617.9
824 4617.9
825 4617.9
826 4617.9
827 4617.9
828 4617.9
829 4617.9
830 4617.9
831 4617.9
832 4617.9
833 4617.9
834 4617.9
835 4617.9
836 4617.9
837 4617.9
838 4617.9
839 4617.9
840 4617.9
841 4617.9
842 4617.9
843 4617.9
844 4617.9
845 4617.9
846 4617.9
847 4617.9
848 4617.9
849 4617.9
850 4617.9
851 4617.9
852 4617.9
853 4617.9
854 4617.9
855 4617.9
856 4617.9
857 4617.9
858 4617.9
859 4617.9
860 4617.9
861 4617.9
862 4617.9
863 4617.9
864 4617.9
865 4617.9
866 4617.9
867 4617.9
868 4617.9
869 4617.9
870 4617.9
871 4617.9
872 4617.9
873 4617.9
874 4617.9
875 4617.9
876 4617.9
877 4617.9
878 4617.9
879 4617.9
880 4617.9
881 4617.9
882 4617.9
883 4617.9
884 4617.9
885 4617.9
886 4617.9
887 4617.9
888 4617.9
889 4617.9
890 4617.9
891 4617.9
892 4617.9
893 4617.9
894 4617.9
895 4617.9
896 4617.9
897 4617.9
898 4617.9
899 4617.9
900 4617.9
901 4617.9
902 4617.9
903 4617.9
904 4617.9
905 4617.9
906 4617.9
907 4617.9
908 4617.9
909 4617.9
910 4617.9
911 4617.9
912 4617.9
913 4617.9
914 4617.9
915 4617.9
916 4617.9
917 4617.9
918 4617.9
919 4617.9
920 4617.9
921 4617.9
922 4617.9
923 4617.9
924 4617.9
925 4617.9
926 4617.9
927 4617.9
928 4617.9
929 4617.9
930 4617.9
931 4617.9
932 4617.9
933 4617.9
934 4617.9
935 4617.9
936 4617.9
937 4617.9
938 4617.9
939 4617.9
940 4617.9
941 4617.9
942 4617.9
943 4617.9
944 4617.9
945 4617.9
946 4617.9
947 4617.9
948 4617.9
949 4617.9
950 4617.9
951 4617.9
952 4617.9
953 4617.9
954 4617.9
955 4617.9
956 4617.9
957 4617.9
958 4617.9
959 4617.9
960 4617.9
961 4617.9
962 4617.9
963 4617.9
964 4617.9
965 4617.9
966 4617.9
967 4617.9
968 4617.9
969 4617.9
970 4617.9
971 4617.9
972 4617.9
973 4617.9
974 4617.9
975 4617.9
976 4617.9
977 4617.9
978 4617.9
979 4617.9
980 4617.9
981 4617.9
982 4617.9
983 4617.9
984 4617.9
985 4617.9
986 4617.9
987 4617.9
988 4617.9
989 4617.9
990 4617.9
991 4617.9
992 4617.9
993 4617.9
994 4617.9
995 4617.9
996 4617.9
997 4617.9
998 4617.9
999 4617.9
1000 4617.9
1001 4617.9
