1 23120
2 22837.7
3 18599.8
4 17798.3
5 17546.2
6 16152.5
7 16152.5
8 15944.9
9 14119.4
10 14040.7
11 13532.9
12 12701.5
13 12206.4
14 11582.7
15 11582.7
16 11307.4
17 10534.8
18 10306.1
19 10156.5
20 9579.23
21 9461.86
22 8989.09
23 8989.09
24 8911.6
25 8516.83
26 8516.83
27 8145.49
28 8011.02
29 7901.18
30 7659.35
31 7341.08
32 7239.63
33 7063.88
34 6970.64
35 6480.74
36 6405.77
37 6147.67
38 6101.87
39 5951.44
40 5951.44
41 5917.4
42 5815.36
43 5815.36
44 5704.38
45 5690.58
46 5670.34
47 5622.13
48 5622.13
49 5609.03
50 5534.67
51 5534.67
52 5521.56
53 5521.56
54 5515.96
55 5504.42
56 5504.34
57 5495.86
58 5460.82
59 5446.27
60 5369.76
61 5369.76
62 5369.76
63 5343.9
64 5336.99
65 5336.99
66 5279.97
67 5279.97
68 5279.97
69 5272.19
70 5272.19
71 5272.19
72 5263.82
73 5244.41
74 5244.41
75 5239.66
76 5236.08
77 5200.95
78 5196.21
79 5192.62
80 5160.55
81 5145.55
82 5145.55
83 5145.13
84 5145.13
85 5133.28
86 5133.28
87 5087.79
88 5087.79
89 5049.94
90 5049.94
91 4954.32
92 4954.32
93 4954.32
94 4944.01
95 4922.46
96 4922.46
97 4916.52
98 4912.15
99 4887.79
100 4877.48
101 4875.86
102 4875.86
103 4875.86
104 4826.17
105 4824.55
106 4824.55
107 4824.55
108 4824.55
109 4824.55
110 4809.87
111 4809.87
112 4809.87
113 4808.39
114 4806.26
115 4804.79
116 4804.79
117 4804.79
118 4804.79
119 4804.79
120 4761.16
121 4761.16
122 4761.16
123 4761.16
124 4761.16
125 4761.16
126 4761.16
127 4758.06
128 4758.06
129 4758.06
130 4758.06
131 4758.06
132 4720.99
133 4720.99
134 4720.99
135 4716.87
136 4716.87
137 4716.87
138 4716.87
139 4716.87
140 4716.87
141 4716.87
142 4716.87
143 4716.87
144 4716.87
145 4716.87
146 4716.87
147 4716.87
148 4716.87
149 4716.87
150 4716.87
151 4716.87
152 4716.87
153 4716.87
154 4716.87
155 4716.87
156 4716.87
157 4716.87
158 4716.87
159 4716.87
160 4705.95
161 4705.95
162 4705.95
163 4705.95
164 4705.95
165 4705.95
166 4705.95
167 4705.95
168 4696.67
169 4696.67
170 4696.67
171 4697.36
172 4697.36
173 4697.36
174 4697.36
175 4694.39
176 4694.39
177 4694.39
178 4694.39
179 4694.39
180 4694.39
181 4666.85
182 4666.85
183 4666.85
184 4666.85
185 4666.85
186 4666.85
187 4666.85
188 4666.85
189 4666.85
190 4666.85
191 4666.85
192 4666.85
193 4666.85
194 4666.85
195 4666.85
196 4666.85
197 4666.85
198 4666.85
199 4666.85
200 4666.85
201 4666.85
202 4666.85
203 4666.85
204 4666.85
205 4666.85
206 4666.85
207 4666.85
208 4666.85
209 4666.85
210 4666.85
211 4666.85
212 4666.85
213 4666.85
214 4666.85
215 4666.85
216 4666.85
217 4666.85
218 4666.85
219 4666.85
220 4666.85
221 4650.55
222 4650.55
223 4650.55
224 4650.55
225 4650.55
226 4650.55
227 4650.55
228 4650.55
229 4650.55
230 4650.55
231 4650.55
232 4650.55
233 4650.55
234 4650.55
235 4650.55
236 4650.55
237 4650.55
238 4650.55
239 4650.55
240 4650.55
241 4650.55
242 4650.55
243 4650.55
244 4650.55
245 4650.55
246 4650.55
247 4650.55
248 4650.55
249 4650.55
250 4650.55
251 4650.55
252 4650.55
253 4650.55
254 4650.55
255 4650.55
256 4650.55
257 4650.55
258 4650.55
259 4650.55
260 4649.41
261 4623.23
262 4623.23
263 4623.23
264 4623.23
265 4623.23
266 4623.23
267 4623.23
268 4623.23
269 4623.23
270 4623.23
271 4623.23
272 4623.23
273 4623.23
274 4623.23
275 4623.23
276 4623.23
277 4623.23
278 4623.23
279 4623.23
280 4623.23
281 4621.37
282 4621.37
283 4621.37
284 4621.37
285 4621.37
286 4621.37
287 4621.37
288 4621.37
289 4621.37
290 4621.37
291 4621.37
292 4621.37
293 4621.37
294 4621.37
295 4621.37
296 4621.37
297 4621.37
298 4621.37
299 4621.37
300 4621.37
301 4621.37
302 4621.37
303 4621.37
304 4621.37
305 4621.37
306 4621.37
307 4621.37
308 4621.37
309 4621.37
310 4621.37
311 4621.37
312 4621.37
313 4621.37
314 4621.37
315 4621.37
316 4621.37
317 4621.37
318 4621.37
319 4621.37
320 4621.37
321 4621.37
322 4621.37
323 4621.37
324 4621.37
325 4621.37
326 4621.37
327 4621.37
328 4621.37
329 4621.37
330 4621.37
331 4621.37
332 4621.37
333 4621.37
334 4621.37
335 4621.37
336 4621.37
337 4621.37
338 4621.37
339 4621.37
340 4621.37
341 4621.37
342 4621.37
343 4621.37
344 4621.37
345 4621.37
346 4621.37
347 4621.37
348 4621.37
349 4621.37
350 4621.37
351 4621.37
352 4621.37
353 4621.37
354 4621.37
355 4621.37
356 4621.37
357 4621.37
358 4621.37
359 4621.37
360 4621.37
361 4619.04
362 4619.04
363 4619.04
364 4619.04
365 4619.04
366 4619.04
367 4619.04
368 4619.04
369 4619.04
370 4619.04
371 4619.04
372 4619.04
373 4619.04
374 4619.04
375 4619.04
376 4619.04
377 4619.04
378 4619.04
379 4619.04
380 4619.04
381 4619.04
382 4619.04
383 4619.04
384 4619.04
385 4619.04
386 4619.04
387 4619.04
388 4619.04
389 4619.04
390 4619.04
391 4619.04
392 4619.04
393 4619.04
394 4619.04
395 4619.04
396 4619.04
397 4619.04
398 4619.04
399 4619.04
400 4619.04
401 4619.04
402 4619.04
403 4619.04
404 4619.04
405 4619.04
406 4619.04
407 4619.04
408 4619.04
409 4619.04
410 4619.04
411 4619.04
412 4619.04
413 4619.04
414 4619.04
415 4619.04
416 4619.04
417 4619.04
418 4619.04
419 4619.04
420 4619.04
421 4617.9
422 4617.9
423 4617.9
424 4617.9
425 4617.9
426 4617.9
427 4617.9
428 4617.9
429 4617.9
430 4617.9
431 4617.9
432 4617.9
433 4617.9
434 4617.9
435 4617.9
436 4617.9
437 4617.9
438 4617.9
439 4617.9
440 4617.9
441 4617.9
442 4617.9
443 4617.9
444 4617.9
445 4617.9
446 4617.9
447 4617.9
448 4617.9
449 4617.9
450 4617.9
451 4617.9
452 4617.9
453 4617.9
454 4617.9
455 4617.9
456 4617.9
457 4617.9
458 4617.9
459 4617.9
460 4617.9
461 4617.9
462 4617.9
463 4617.9
464 4617.9
465 4617.9
466 4617.9
467 4617.9
468 4617.9
469 4617.9
470 4617.9
471 4617.9
472 4617.9
473 4617.9
474 4617.9
475 4617.9
476 4617.9
477 4617.9
478 4617.9
479 4617.9
480 4617.9
481 4617.9
482 4617.9
483 4617.9
484 4617.9
485 4617.9
486 4617.9
487 4617.9
488 4617.9
489 4617.9
490 4617.9
491 4617.9
492 4617.9
493 4617.9
494 4617.9
495 4617.9
496 4617.9
497 4617.9
498 4617.9
499 4617.9
500 4617.9
501 4617.9
502 4617.9
503 4617.9
504 4617.9
505 4617.9
506 4617.9
507 4617.9
508 4617.9
509 4617.9
510 4617.9
511 4617.9
512 4617.9
513 4617.9
514 4617.9
515 4617.9
516 4617.9
517 4617.9
518 4617.9
519 4617.9
520 4617.9
521 4617.9
522 4617.9
523 4617.9
524 4617.9
525 4617.9
526 4617.9
527 4617.9
528 4617.9
529 4617.9
530 4617.9
531 4617.9
532 4617.9
533 4617.9
534 4617.9
535 4617.9
536 4617.9
537 4617.9
538 4617.9
539 4617.9
540 4617.9
541 4617.9
542 4617.9
543 4617.9
544 4617.9
545 4617.9
546 4617.9
547 4617.9
548 4617.9
549 4617.9
550 4617.9
551 4617.9
552 4617.9
553 4617.9
554 4617.9
555 4617.9
556 4617.9
557 4617.9
558 4617.9
559 4617.9
560 4617.9
561 4617.9
562 4617.9
563 4617.9
564 4617.9
565 4617.9
566 4617.9
567 4617.9
568 4617.9
569 4617.9
570 4617.9
571 4617.9
572 4617.9
573 4617.9
574 4617.9
575 4617.9
576 4617.9
577 4617.9
578 4617.9
579 4617.9
580 4617.9
581 4617.9
582 4617.9
583 4617.9
584 4617.9
585 4617.9
586 4617.9
587 4617.9
588 4617.9
589 4617.9
590 4617.9
591 4617.9
592 4617.9
593 4617.9
594 4617.9
595 4617.9
596 4617.9
597 4617.9
598 4617.9
599 4617.9
600 4617.9
601 4617.9
602 4617.9
603 4617.9
604 4617.9
605 4617.9
606 4617.9
607 4617.9
608 4617.9
609 4617.9
610 4617.9
611 4617.9
612 4617.9
613 4617.9
614 4617.9
615 4617.9
616 4617.9
617 4617.9
618 4617.9
619 4617.9
620 4617.9
621 4617.9
622 4617.9
623 4617.9
624 4617.9
625 4617.9
626 4617.9
627 4617.9
628 4617.9
629 4617.9
630 4617.9
631 4617.9
632 4617.9
633 4617.9
634 4617.9
635 4617.9
636 4617.9
637 4617.9
638 4617.9
639 4617.9
640 4617.9
641 4617.9
642 4617.9
643 4617.9
644 4617.9
645 4617.9
646 4617.9
647 4617.9
648 4617.9
649 4617.9
650 4617.9
651 4617.9
652 4617.9
653 4617.9
654 4617.9
655 4617.9
656 4617.9
657 4617.9
658 4617.9
659 4617.9
660 4617.9
661 4617.9
662 4617.9
663 4617.9
664 4617.9
665 4617.9
666 4617.9
667 4617.9
668 4617.9
669 4617.9
670 4617.9
671 4617.9
672 4617.9
673 4617.9
674 4617.9
675 4617.9
676 4617.9
677 4617.9
678 4617.9
679 4617.9
680 4617.9
681 4617.9
682 4617.9
683 4617.9
684 4617.9
685 4617.9
686 4617.9
687 4617.9
688 4617.9
689 4617.9
690 4617.9
691 4617.9
692 4617.9
693 4617.9
694 4617.9
695 4617.9
696 4617.9
697 4617.9
698 4617.9
699 4617.9
700 4617.9
701 4617.9
702 4617.9
703 4617.9
704 4617.9
705 4617.9
706 4617.9
707 4617.9
708 4617.9
709 4617.9
710 4617.9
711 4617.9
712 4617.9
713 4617.9
714 4617.9
715 4617.9
716 4617.9
717 4617.9
718 4617.9
719 4617.9
720 4617.9
721 4617.9
722 4617.9
723 4617.9
724 4617.9
725 4617.9
726 4617.9
727 4617.9
728 4617.9
729 4617.9
730 4617.9
731 4617.9
732 4617.9
733 4617.9
734 4617.9
735 4617.9
736 4617.9
737 4617.9
738 4617.9
739 4617.9
740 4617.9
741 4617.9
742 4617.9
743 4617.9
744 4617.9
745 4617.9
746 4617.9
747 4617.9
748 4617.9
749 4617.9
750 4617.9
751 4617.9
752 4617.9
753 4617.9
754 4617.9
755 4617.9
756 4617.9
757 4617.9
758 4617.9
759 4617.9
760 4617.9
761 4617.9
762 4617.9
763 4617.9
764 4617.9
765 4617.9
766 4617.9
767 4617.9
768 4617.9
769 4617.9
770 4617.9
771 4617.9
772 4617.9
773 4617.9
774 4617.9
775 4617.9
776 4617.9
777 4617.9
778 4617.9
779 4617.9
780 4617.9
781 4617.9
782 4617.9
783 4617.9
784 4617.9
785 4617.9
786 4617.9
787 4617.9
788 4617.9
789 4617.9
790 4617.9
791 4617.9
792 4617.9
793 4617.9
794 4617.9
795 4617.9
796 4617.9
797 4617.9
798 4617.9
799 4617.9
800 4617.9
801 4617.9
802 4617.9
803 4617.9
804 4617.9
805 4617.9
806 4617.9
807 4617.9
808 4617.9
809 4617.9
810 4617.9
811 4617.9
812 4617.9
813 4617.9
814 4617.9
815 4617.9
816 4617.9
817 4617.9
818 4617.9
819 4617.9
820 4617.9
821 4617.9
822 4617.9
823 4617.9
824 4617.9
825 4617.9
826 4617.9
827 4617.9
828 4617.9
829 4617.9
830 4617.9
831 4617.9
832 4617.9
833 4617.9
834 4617.9
835 4617.9
836 4617.9
837 4617.9
838 4617.9
839 4617.9
840 4617.9
841 4617.9
842 4617.9
843 4617.9
844 4617.9
845 4617.9
846 4617.9
847 4617.9
848 4617.9
849 4617.9
850 4617.9
851 4617.9
852 4617.9
853 4617.9
854 4617.9
855 4617.9
856 4617.9
857 4617.9
858 4617.9
859 4617.9
860 4617.9
861 4617.9
862 4617.9
863 4617.9
864 4617.9
865 4617.9
866 4617.9
867 4617.9
868 4617.9
869 4617.9
870 4617.9
871 4617.9
872 4617.9
873 4617.9
874 4617.9
875 4617.9
876 4617.9
877 4617.9
878 4617.9
879 4617.9
880 4617.9
881 4617.9
882 4617.9
883 4617.9
884 4617.9
885 4617.9
886 4617.9
887 4617.9
888 4617.9
889 4617.9
890 4617.9
891 4617.9
892 4617.9
893 4617.9
894 4617.9
895 4617.9
896 4617.9
897 4617.9
898 4617.9
899 4617.9
900 4617.9
901 4617.9
902 4617.9
903 4617.9
904 4617.9
905 4617.9
906 4617.9
907 4617.9
908 4617.9
909 4617.9
910 4617.9
911 4617.9
912 4617.9
913 4617.9
914 4617.9
915 4617.9
916 4617.9
917 4617.9
918 4617.9
919 4617.9
920 4617.9
921 4617.9
922 4617.9
923 4617.9
924 4617.9
925 4617.9
926 4617.9
927 4617.9
928 4617.9
929 4617.9
930 4617.9
931 4617.9
932 4617.9
933 4617.9
934 4617.9
935 4617.9
936 4617.9
937 4617.9
938 4617.9
939 4617.9
940 4617.9
941 4617.9
942 4617.9
943 4617.9
944 4617.9
945 4617.9
946 4617.9
947 4617.9
948 4617.9
949 4617.9
950 4617.9
951 4617.9
952 4617.9
953 4617.9
954 4617.9
955 4617.9
956 4617.9
957 4617.9
958 4617.9
959 4617.9
960 4617.9
961 4617.9
962 4617.9
963 4617.9
964 4617.9
965 4617.9
966 4617.9
967 4617.9
968 4617.9
969 4617.9
970 4617.9
971 4617.9
972 4617.9
973 4617.9
974 4617.9
975 4617.9
976 4617.9
977 4617.9
978 4617.9
979 4617.9
980 4617.9
981 4617.9
982 4617.9
983 4617.9
984 4617.9
985 4617.9
986 4617.9
987 4617.9
988 4617.9
989 4617.9
990 4617.9
991 4617.9
992 4617.9
993 4617.9
994 4617.9
995 4617.9
996 4617.9
997 4617.9
998 4617.9
999 4617.9
1000 4617.9
1001 4617.9
