1 34752.5
2 29838.2
3 25422.5
4 22173.5
5 19826.2
6 18182.9
7 17047.1
8 16465.1
9 15661.7
10 14966.4
11 14431
12 13970.2
13 13520.1
14 13049.4
15 12616
16 12221.8
17 11839.6
18 11448.9
19 11051.5
20 10780.8
21 10426.9
22 10168.7
23 9957
24 9700.92
25 9474.06
26 9203.74
27 8850.21
28 8607.76
29 8462.36
30 8349.47
31 8280.73
32 8196.51
33 8145.17
34 8083.77
35 7981.94
36 7870.22
37 7736.88
38 7628.99
39 7546.12
40 7482.89
41 7397.69
42 7292.57
43 7130.19
44 6940.92
45 6787.8
46 6682.11
47 6606.34
48 6554.54
49 6521.61
50 6486.83
51 6456.16
52 6419.54
53 6375.01
54 6329.1
55 6186.7
56 5751.42
57 5642.18
58 5608.94
59 5576.55
60 5540.83
61 5530.4
62 5526.66
63 5511.52
64 5506.51
65 5506.5
66 5506.44
67 5506.18
68 5505.09
69 5501.89
70 5496.08
71 5491.61
72 5476.42
73 5465.17
74 5444.79
75 5437.19
76 5426.11
77 5403.09
78 5394.28
79 5391.4
80 5389.92
81 5382.37
82 5357.07
83 5292.49
84 5288.76
85 5272.17
86 5239.43
87 5203.71
88 5170.42
89 5163.27
90 5149.49
91 5113.26
92 5083.45
93 5073.59
94 5068.65
95 5062.2
96 5062.2
97 5062.2
98 5062.17
99 5061.94
100 5060.73
101 5055.79
102 5055.58
103 5055.58
104 5055.58
105 5055.58
106 5055.42
107 5054.75
108 5050.61
109 5032.67
110 5015.11
111 5011.89
112 5005.45
113 5005.45
114 5005.35
115 5005.06
116 5003.64
117 4997.05
118 4980.72
119 4977.5
120 4964.97
121 4944.56
122 4938.37
123 4932.44
124 4915.65
125 4854.11
126 4819.64
127 4811.52
128 4780.42
129 4765.78
130 4765.78
131 4765.78
132 4765.78
133 4765.78
134 4765.78
135 4765.78
136 4765.78
137 4765.78
138 4765.77
139 4765.73
140 4765.51
141 4764.6
142 4764.01
143 4761.53
144 4759.48
145 4758.3
146 4758.22
147 4758.05
148 4757.7
149 4757.67
150 4757.46
151 4756.06
152 4751.14
153 4750.98
154 4750.98
155 4750.98
156 4750.98
157 4750.98
158 4750.98
159 4750.98
160 4750.98
161 4750.81
162 4750.32
163 4748.84
164 4745.6
165 4736.49
166 4709.71
167 4709.62
168 4709.62
169 4709.62
170 4709.55
171 4709.31
172 4708.23
173 4702.27
174 4692.78
175 4692.73
176 4692.28
177 4690.31
178 4686.67
179 4683.46
180 4683.46
181 4683.46
182 4683.46
183 4683.46
184 4683.46
185 4683.46
186 4683.46
187 4683.46
188 4683.46
189 4683.46
190 4683.46
191 4683.46
192 4683.46
193 4683.46
194 4683.46
195 4683.46
196 4683.46
197 4683.46
198 4683.46
199 4683.46
200 4683.46
201 4683.4
202 4683.35
203 4683.18
204 4682.83
205 4681.79
206 4678.02
207 4664.72
208 4651.74
209 4651.57
210 4650.91
211 4650.65
212 4650.65
213 4650.65
214 4650.65
215 4650.65
216 4650.65
217 4650.65
218 4650.61
219 4650.41
220 4649.38
221 4644.7
222 4642.06
223 4642.06
224 4642.06
225 4642.06
226 4642.06
227 4642.06
228 4642.06
229 4642.06
230 4642.06
231 4642.06
232 4642.06
233 4642.06
234 4642.06
235 4642.06
236 4642.06
237 4642.06
238 4642.06
239 4642.06
240 4642.06
241 4641.99
242 4641.66
243 4640.01
244 4631.99
245 4627
246 4625.7
247 4624.15
248 4623.47
249 4623.23
250 4623.23
251 4623.23
252 4623.23
253 4623.23
254 4623.23
255 4623.23
256 4623.23
257 4623.23
258 4623.23
259 4623.23
260 4623.23
261 4623.23
262 4623.23
263 4623.23
264 4623.23
265 4623.23
266 4623.23
267 4623.23
268 4623.23
269 4623.23
270 4623.23
271 4623.23
272 4623.23
273 4623.23
274 4623.23
275 4623.23
276 4623.23
277 4623.23
278 4623.23
279 4623.23
280 4623.23
281 4623.23
282 4623.23
283 4623.23
284 4623.23
285 4623.23
286 4623.23
287 4623.23
288 4623.23
289 4623.23
290 4623.23
291 4623.23
292 4623.23
293 4623.23
294 4623.23
295 4623.23
296 4623.23
297 4623.23
298 4623.23
299 4623.23
300 4623.23
301 4623.23
302 4623.18
303 4622.9
304 4621.78
305 4621.37
306 4621.37
307 4621.37
308 4621.37
309 4621.37
310 4621.37
311 4621.37
312 4621.37
313 4621.37
314 4621.37
315 4621.37
316 4621.37
317 4621.37
318 4621.37
319 4621.37
320 4621.37
321 4621.37
322 4621.37
323 4621.37
324 4621.37
325 4621.37
326 4621.37
327 4621.37
328 4621.37
329 4621.37
330 4621.37
331 4621.37
332 4621.36
333 4621.33
334 4621.16
335 4620.22
336 4619.04
337 4619.04
338 4619.04
339 4619.04
340 4619.04
341 4619.04
342 4619.04
343 4619.04
344 4619.04
345 4619.04
346 4619.04
347 4619.04
348 4619.04
349 4619.04
350 4619.04
351 4619.04
352 4619.04
353 4619.04
354 4619.04
355 4619.04
356 4619.04
357 4619.04
358 4619.04
359 4619.04
360 4619.04
361 4619.04
362 4619.04
363 4619.04
364 4619.04
365 4619.04
366 4619.04
367 4619.04
368 4619.04
369 4619.04
370 4619.04
371 4619.04
372 4619.04
373 4619.04
374 4619.04
375 4619.04
376 4619.04
377 4619.04
378 4619.04
379 4619.04
380 4619.04
381 4619.04
382 4619.04
383 4619.04
384 4619.04
385 4619.04
386 4619.02
387 4618.96
388 4618.55
389 4617.9
390 4617.9
391 4617.9
392 4617.9
393 4617.9
394 4617.9
395 4617.9
396 4617.9
397 4617.9
398 4617.9
399 4617.9
400 4617.9
401 4617.9
402 4617.9
403 4617.9
404 4617.9
405 4617.9
406 4617.9
407 4617.9
408 4617.9
409 4617.9
410 4617.9
411 4617.9
412 4617.9
413 4617.9
414 4617.9
415 4617.9
416 4617.9
417 4617.9
418 4617.9
419 4617.9
420 4617.9
421 4617.9
422 4617.9
423 4617.9
424 4617.9
425 4617.9
426 4617.9
427 4617.9
428 4617.9
429 4617.9
430 4617.9
431 4617.9
432 4617.9
433 4617.9
434 4617.9
435 4617.9
436 4617.9
437 4617.9
438 4617.9
439 4617.9
440 4617.9
441 4617.9
442 4617.9
443 4617.9
444 4617.9
445 4617.9
446 4617.9
447 4617.9
448 4617.9
449 4617.9
450 4617.9
451 4617.9
452 4617.9
453 4617.9
454 4617.9
455 4617.9
456 4617.9
457 4617.9
458 4617.9
459 4617.9
460 4617.9
461 4617.9
462 4617.9
463 4617.9
464 4617.9
465 4617.9
466 4617.9
467 4617.9
468 4617.9
469 4617.9
470 4617.9
471 4617.9
472 4617.9
473 4617.9
474 4617.9
475 4617.9
476 4617.9
477 4617.9
478 4617.9
479 4617.9
480 4617.9
481 4617.9
482 4617.9
483 4617.9
484 4617.9
485 4617.9
486 4617.9
487 4617.9
488 4617.9
489 4617.9
490 4617.9
491 4617.9
492 4617.9
493 4617.9
494 4617.9
495 4617.9
496 4617.9
497 4617.9
498 4617.9
499 4617.9
500 4617.9
501 4617.9
502 4617.9
503 4617.9
504 4617.9
505 4617.9
506 4617.9
507 4617.9
508 4617.9
509 4617.9
510 4617.9
511 4617.9
512 4617.9
513 4617.9
514 4617.9
515 4617.9
516 4617.9
517 4617.9
518 4617.9
519 4617.9
520 4617.9
521 4617.9
522 4617.9
523 4617.9
524 4617.9
525 4617.9
526 4617.9
527 4617.9
528 4617.9
529 4617.9
530 4617.9
531 4617.9
532 4617.9
533 4617.9
534 4617.9
535 4617.9
536 4617.9
537 4617.9
538 4617.9
539 4617.9
540 4617.9
541 4617.9
542 4617.9
543 4617.9
544 4617.9
545 4617.9
546 4617.9
547 4617.9
548 4617.9
549 4617.9
550 4617.9
551 4617.9
552 4617.9
553 4617.9
554 4617.9
555 4617.9
556 4617.9
557 4617.9
558 4617.9
559 4617.9
560 4617.9
561 4617.9
562 4617.9
563 4617.9
564 4617.9
565 4617.9
566 4617.9
567 4617.9
568 4617.9
569 4617.9
570 4617.9
571 4617.9
572 4617.9
573 4617.9
574 4617.9
575 4617.9
576 4617.9
577 4617.9
578 4617.9
579 4617.9
580 4617.9
581 4617.9
582 4617.9
583 4617.9
584 4617.9
585 4617.9
586 4617.9
587 4617.9
588 4617.9
589 4617.9
590 4617.9
591 4617.9
592 4617.9
593 4617.9
594 4617.9
595 4617.9
596 4617.9
597 4617.9
598 4617.9
599 4617.9
600 4617.9
601 4617.9
602 4617.9
603 4617.9
604 4617.9
605 4617.9
606 4617.9
607 4617.9
608 4617.9
609 4617.9
610 4617.9
611 4617.9
612 4617.9
613 4617.9
614 4617.9
615 4617.9
616 4617.9
617 4617.9
618 4617.9
619 4617.9
620 4617.9
621 4617.9
622 4617.9
623 4617.9
624 4617.9
625 4617.9
626 4617.9
627 4617.9
628 4617.9
629 4617.9
630 4617.9
631 4617.9
632 4617.9
633 4617.9
634 4617.9
635 4617.9
636 4617.9
637 4617.9
638 4617.9
639 4617.9
640 4617.9
641 4617.9
642 4617.9
643 4617.9
644 4617.9
645 4617.9
646 4617.9
647 4617.9
648 4617.9
649 4617.9
650 4617.9
651 4617.9
652 4617.9
653 4617.9
654 4617.9
655 4617.9
656 4617.9
657 4617.9
658 4617.9
659 4617.9
660 4617.9
661 4617.9
662 4617.9
663 4617.9
664 4617.9
665 4617.9
666 4617.9
667 4617.9
668 4617.9
669 4617.9
670 4617.9
671 4617.9
672 4617.9
673 4617.9
674 4617.9
675 4617.9
676 4617.9
677 4617.9
678 4617.9
679 4617.9
680 4617.9
681 4617.9
682 4617.9
683 4617.9
684 4617.9
685 4617.9
686 4617.9
687 4617.9
688 4617.9
689 4617.9
690 4617.9
691 4617.9
692 4617.9
693 4617.9
694 4617.9
695 4617.9
696 4617.9
697 4617.9
698 4617.9
699 4617.9
700 4617.9
701 4617.9
702 4617.9
703 4617.9
704 4617.9
705 4617.9
706 4617.9
707 4617.9
708 4617.9
709 4617.9
710 4617.9
711 4617.9
712 4617.9
713 4617.9
714 4617.9
715 4617.9
716 4617.9
717 4617.9
718 4617.9
719 4617.9
720 4617.9
721 4617.9
722 4617.9
723 4617.9
724 4617.9
725 4617.9
726 4617.9
727 4617.9
728 4617.9
729 4617.9
730 4617.9
731 4617.9
732 4617.9
733 4617.9
734 4617.9
735 4617.9
736 4617.9
737 4617.9
738 4617.9
739 4617.9
740 4617.9
741 4617.9
742 4617.9
743 4617.9
744 4617.9
745 4617.9
746 4617.9
747 4617.9
748 4617.9
749 4617.9
750 4617.9
751 4617.9
752 4617.9
753 4617.9
754 4617.9
755 4617.9
756 4617.9
757 4617.9
758 4617.9
759 4617.9
760 4617.9
761 4617.9
762 4617.9
763 4617.9
764 4617.9
765 4617.9
766 4617.9
767 4617.9
768 4617.9
769 4617.9
770 4617.9
771 4617.9
772 4617.9
773 4617.9
774 4617.9
775 4617.9
776 4617.9
777 4617.9
778 4617.9
779 4617.9
780 4617.9
781 4617.9
782 4617.9
783 4617.9
784 4617.9
785 4617.9
786 4617.9
787 4617.9
788 4617.9
789 4617.9
790 4617.9
791 4617.9
792 4617.9
793 4617.9
794 4617.9
795 4617.9
796 4617.9
797 4617.9
798 4617.9
799 4617.9
800 4617.9
801 4617.9
802 4617.9
803 4617.9
804 4617.9
805 4617.9
806 4617.9
807 4617.9
808 4617.9
809 4617.9
810 4617.9
811 4617.9
812 4617.9
813 4617.9
814 4617.9
815 4617.9
816 4617.9
817 4617.9
818 4617.9
819 4617.9
820 4617.9
821 4617.9
822 4617.9
823 4617.9
824 4617.9
825 4617.9
826 4617.9
827 4617.9
828 4617.9
829 4617.9
830 4617.9
831 4617.9
832 4617.9
833 4617.9
834 4617.9
835 4617.9
836 4617.9
837 4617.9
838 4617.9
839 4617.9
840 4617.9
841 4617.9
842 4617.9
843 4617.9
844 4617.9
845 4617.9
846 4617.9
847 4617.9
848 4617.9
849 4617.9
850 4617.9
851 4617.9
852 4617.9
853 4617.9
854 4617.9
855 4617.9
856 4617.9
857 4617.9
858 4617.9
859 4617.9
860 4617.9
861 4617.9
862 4617.9
863 4617.9
864 4617.9
865 4617.9
866 4617.9
867 4617.9
868 4617.9
869 4617.9
870 4617.9
871 4617.9
872 4617.9
873 4617.9
874 4617.9
875 4617.9
876 4617.9
877 4617.9
878 4617.9
879 4617.9
880 4617.9
881 4617.9
882 4617.9
883 4617.9
884 4617.9
885 4617.9
886 4617.9
887 4617.9
888 4617.9
889 4617.9
890 4617.9
891 4617.9
892 4617.9
893 4617.9
894 4617.9
895 4617.9
896 4617.9
897 4617.9
898 4617.9
899 4617.9
900 4617.9
901 4617.9
902 4617.9
903 4617.9
904 4617.9
905 4617.9
906 4617.9
907 4617.9
908 4617.9
909 4617.9
910 4617.9
911 4617.9
912 4617.9
913 4617.9
914 4617.9
915 4617.9
916 4617.9
917 4617.9
918 4617.9
919 4617.9
920 4617.9
921 4617.9
922 4617.9
923 4617.9
924 4617.9
925 4617.9
926 4617.9
927 4617.9
928 4617.9
929 4617.9
930 4617.9
931 4617.9
932 4617.9
933 4617.9
934 4617.9
935 4617.9
936 4617.9
937 4617.9
938 4617.9
939 4617.9
940 4617.9
941 4617.9
942 4617.9
943 4617.9
944 4617.9
945 4617.9
946 4617.9
947 4617.9
948 4617.9
949 4617.9
950 4617.9
951 4617.9
952 4617.9
953 4617.9
954 4617.9
955 4617.9
956 4617.9
957 4617.9
958 4617.9
959 4617.9
960 4617.9
961 4617.9
962 4617.9
963 4617.9
964 4617.9
965 4617.9
966 4617.9
967 4617.9
968 4617.9
969 4617.9
970 4617.9
971 4617.9
972 4617.9
973 4617.9
974 4617.9
975 4617.9
976 4617.9
977 4617.9
978 4617.9
979 4617.9
980 4617.9
981 4617.9
982 4617.9
983 4617.9
984 4617.9
985 4617.9
986 4617.9
987 4617.9
988 4617.9
989 4617.9
990 4617.9
991 4617.9
992 4617.9
993 4617.9
994 4617.9
995 4617.9
996 4617.9
997 4617.9
998 4617.9
999 4617.9
1000 4617.9
1001 4617.9
