1 24000.8
2 21902.4
3 20574
4 18635
5 14824.7
6 14824.7
7 12648.2
8 12648.2
9 12648.2
10 12270.8
11 12101.7
12 11715.9
13 10747.6
14 10747.6
15 10320.9
16 10165.7
17 9546.21
18 9253.75
19 8996.52
20 8788.55
21 8626.17
22 8486.71
23 8257.76
24 7979.55
25 7958.85
26 7913.71
27 7832.93
28 7673.72
29 7578.89
30 7471.84
31 7432.26
32 7356.73
33 7287.33
34 7163.06
35 7135.86
36 6860.34
37 6860.34
38 6802.36
39 6582.46
40 6550.02
41 6490.42
42 6400.96
43 6301.63
44 6202.39
45 6150.29
46 6150.29
47 6146.1
48 6094.01
49 6094.01
50 6076.15
51 6064.87
52 6064.87
53 6034.81
54 6023.53
55 6023.53
56 6023.53
57 6008.27
58 6008.27
59 6008.27
60 5900.98
61 5900.98
62 5900.98
63 5900.98
64 5864.81
65 5864.81
66 5850.77
67 5825.53
68 5817.38
69 5740.31
70 5716.84
71 5502.95
72 5500.45
73 5500.45
74 5350.84
75 5350.84
76 5350.84
77 5335.36
78 5335.36
79 5335.1
80 5335.1
81 5300.26
82 5300.26
83 5275.41
84 5264.33
85 5259.96
86 5259.96
87 5233.98
88 5233.98
89 5111.49
90 5072.98
91 5072.98
92 5052.93
93 5052.93
94 5042.63
95 5040.1
96 5038.24
97 5015.78
98 5015.78
99 5012.81
100 5009.74
101 4974.03
102 4974.71
103 4974.71
104 4953.07
105 4953.07
106 4953.07
107 4938.38
108 4938.38
109 4938.38
110 4934.96
111 4934.96
112 4898.7
113 4898.7
114 4898.7
115 4898.7
116 4898.7
117 4898.7
118 4898.7
119 4898.7
120 4898.7
121 4896.33
122 4875.18
123 4847.34
124 4844.96
125 4824.93
126 4814.2
127 4814.2
128 4808.06
129 4806.15
130 4797.14
131 4797.14
132 4797.14
133 4784.36
134 4784.36
135 4784.36
136 4784.36
137 4784.36
138 4784.36
139 4784.36
140 4784.36
141 4781.37
142 4781.37
143 4781.37
144 4781.37
145 4781.37
146 4781.37
147 4781.37
148 4781.37
149 4781.37
150 4781.37
151 4781.37
152 4781.37
153 4781.37
154 4781.37
155 4781.37
156 4781.37
157 4781.37
158 4781.37
159 4780.73
160 4780.73
161 4750.98
162 4747.29
163 4746.64
164 4741.89
165 4741.89
166 4741.89
167 4741.89
168 4741.89
169 4741.89
170 4741.89
171 4728.1
172 4728.1
173 4728.1
174 4728.1
175 4728.1
176 4728.1
177 4711.28
178 4707.13
179 4707.13
180 4707.13
181 4690.31
182 4690.31
183 4690.31
184 4690.31
185 4690.31
186 4690.31
187 4690.31
188 4690.31
189 4690.31
190 4681.72
191 4681.72
192 4681.72
193 4681.72
194 4681.72
195 4681.72
196 4681.72
197 4681.72
198 4681.72
199 4681.72
200 4681.72
201 4651.78
202 4643.19
203 4637.72
204 4637.72
205 4631.61
206 4628.13
207 4628.13
208 4627.84
209 4627.84
210 4627.84
211 4627.84
212 4627.84
213 4627.84
214 4627.84
215 4627.84
216 4627.84
217 4627.84
218 4627.84
219 4627.84
220 4627.84
221 4627.84
222 4627.84
223 4627.84
224 4627.84
225 4627.84
226 4627.84
227 4627.84
228 4627.84
229 4627.84
230 4627.84
231 4627.84
232 4627.84
233 4627.84
234 4627.84
235 4627.84
236 4627.84
237 4627.84
238 4627.84
239 4627.84
240 4627.84
241 4627.84
242 4627.84
243 4627.84
244 4627.84
245 4627.84
246 4627.84
247 4627.84
248 4627.84
249 4627.84
250 4627.84
251 4627.84
252 4627.84
253 4627.84
254 4627.84
255 4625.51
256 4625.51
257 4625.51
258 4625.51
259 4625.51
260 4625.51
261 4625.51
262 4625.51
263 4625.51
264 4625.51
265 4624.37
266 4624.37
267 4624.37
268 4624.37
269 4624.37
270 4624.37
271 4624.37
272 4624.37
273 4624.37
274 4624.37
275 4624.37
276 4624.37
277 4623.23
278 4623.23
279 4623.23
280 4623.23
281 4623.23
282 4623.23
283 4623.23
284 4623.23
285 4623.23
286 4623.23
287 4623.23
288 4623.23
289 4623.23
290 4623.23
291 4623.23
292 4623.23
293 4623.23
294 4623.23
295 4623.23
296 4623.23
297 4623.23
298 4623.23
299 4623.23
300 4623.23
301 4623.23
302 4623.23
303 4623.23
304 4623.23
305 4623.23
306 4623.23
307 4623.23
308 4623.23
309 4623.23
310 4623.23
311 4623.23
312 4623.23
313 4623.23
314 4623.23
315 4623.23
316 4623.23
317 4623.23
318 4623.23
319 4623.23
320 4623.23
321 4623.23
322 4623.23
323 4623.23
324 4623.23
325 4623.23
326 4623.23
327 4623.23
328 4623.23
329 4623.23
330 4623.23
331 4623.23
332 4623.23
333 4623.23
334 4623.23
335 4623.23
336 4623.23
337 4623.23
338 4623.23
339 4623.23
340 4623.23
341 4621.37
342 4621.37
343 4621.37
344 4621.37
345 4621.37
346 4621.37
347 4621.37
348 4621.37
349 4621.37
350 4621.37
351 4621.37
352 4621.37
353 4621.37
354 4621.37
355 4621.37
356 4621.37
357 4621.37
358 4621.37
359 4621.37
360 4621.37
361 4621.37
362 4621.37
363 4621.37
364 4621.37
365 4621.37
366 4621.37
367 4621.37
368 4621.37
369 4621.37
370 4621.37
371 4621.37
372 4621.37
373 4621.37
374 4621.37
375 4621.37
376 4621.37
377 4621.37
378 4621.37
379 4621.37
380 4621.37
381 4621.37
382 4621.37
383 4621.37
384 4621.37
385 4621.37
386 4621.37
387 4621.37
388 4621.37
389 4621.37
390 4621.37
391 4621.37
392 4621.37
393 4621.37
394 4621.37
395 4621.37
396 4621.37
397 4621.37
398 4621.37
399 4621.37
400 4621.37
401 4617.9
402 4617.9
403 4617.9
404 4617.9
405 4617.9
406 4617.9
407 4617.9
408 4617.9
409 4617.9
410 4617.9
411 4617.9
412 4617.9
413 4617.9
414 4617.9
415 4617.9
416 4617.9
417 4617.9
418 4617.9
419 4617.9
420 4617.9
421 4617.9
422 4617.9
423 4617.9
424 4617.9
425 4617.9
426 4617.9
427 4617.9
428 4617.9
429 4617.9
430 4617.9
431 4617.9
432 4617.9
433 4617.9
434 4617.9
435 4617.9
436 4617.9
437 4617.9
438 4617.9
439 4617.9
440 4617.9
441 4617.9
442 4617.9
443 4617.9
444 4617.9
445 4617.9
446 4617.9
447 4617.9
448 4617.9
449 4617.9
450 4617.9
451 4617.9
452 4617.9
453 4617.9
454 4617.9
455 4617.9
456 4617.9
457 4617.9
458 4617.9
459 4617.9
460 4617.9
461 4617.9
462 4617.9
463 4617.9
464 4617.9
465 4617.9
466 4617.9
467 4617.9
468 4617.9
469 4617.9
470 4617.9
471 4617.9
472 4617.9
473 4617.9
474 4617.9
475 4617.9
476 4617.9
477 4617.9
478 4617.9
479 4617.9
480 4617.9
481 4617.9
482 4617.9
483 4617.9
484 4617.9
485 4617.9
486 4617.9
487 4617.9
488 4617.9
489 4617.9
490 4617.9
491 4617.9
492 4617.9
493 4617.9
494 4617.9
495 4617.9
496 4617.9
497 4617.9
498 4617.9
499 4617.9
500 4617.9
501 4617.9
502 4617.9
503 4617.9
504 4617.9
505 4617.9
506 4617.9
507 4617.9
508 4617.9
509 4617.9
510 4617.9
511 4617.9
512 4617.9
513 4617.9
514 4617.9
515 4617.9
516 4617.9
517 4617.9
518 4617.9
519 4617.9
520 4617.9
521 4617.9
522 4617.9
523 4617.9
524 4617.9
525 4617.9
526 4617.9
527 4617.9
528 4617.9
529 4617.9
530 4617.9
531 4617.9
532 4617.9
533 4617.9
534 4617.9
535 4617.9
536 4617.9
537 4617.9
538 4617.9
539 4617.9
540 4617.9
541 4617.9
542 4617.9
543 4617.9
544 4617.9
545 4617.9
546 4617.9
547 4617.9
548 4617.9
549 4617.9
550 4617.9
551 4617.9
552 4617.9
553 4617.9
554 4617.9
555 4617.9
556 4617.9
557 4617.9
558 4617.9
559 4617.9
560 4617.9
561 4617.9
562 4617.9
563 4617.9
564 4617.9
565 4617.9
566 4617.9
567 4617.9
568 4617.9
569 4617.9
570 4617.9
571 4617.9
572 4617.9
573 4617.9
574 4617.9
575 4617.9
576 4617.9
577 4617.9
578 4617.9
579 4617.9
580 4617.9
581 4617.9
582 4617.9
583 4617.9
584 4617.9
585 4617.9
586 4617.9
587 4617.9
588 4617.9
589 4617.9
590 4617.9
591 4617.9
592 4617.9
593 4617.9
594 4617.9
595 4617.9
596 4617.9
597 4617.9
598 4617.9
599 4617.9
600 4617.9
601 4617.9
602 4617.9
603 4617.9
604 4617.9
605 4617.9
606 4617.9
607 4617.9
608 4617.9
609 4617.9
610 4617.9
611 4617.9
612 4617.9
613 4617.9
614 4617.9
615 4617.9
616 4617.9
617 4617.9
618 4617.9
619 4617.9
620 4617.9
621 4617.9
622 4617.9
623 4617.9
624 4617.9
625 4617.9
626 4617.9
627 4617.9
628 4617.9
629 4617.9
630 4617.9
631 4617.9
632 4617.9
633 4617.9
634 4617.9
635 4617.9
636 4617.9
637 4617.9
638 4617.9
639 4617.9
640 4617.9
641 4617.9
642 4617.9
643 4617.9
644 4617.9
645 4617.9
646 4617.9
647 4617.9
648 4617.9
649 4617.9
650 4617.9
651 4617.9
652 4617.9
653 4617.9
654 4617.9
655 4617.9
656 4617.9
657 4617.9
658 4617.9
659 4617.9
660 4617.9
661 4617.9
662 4617.9
663 4617.9
664 4617.9
665 4617.9
666 4617.9
667 4617.9
668 4617.9
669 4617.9
670 4617.9
671 4617.9
672 4617.9
673 4617.9
674 4617.9
675 4617.9
676 4617.9
677 4617.9
678 4617.9
679 4617.9
680 4617.9
681 4617.9
682 4617.9
683 4617.9
684 4617.9
685 4617.9
686 4617.9
687 4617.9
688 4617.9
689 4617.9
690 4617.9
691 4617.9
692 4617.9
693 4617.9
694 4617.9
695 4617.9
696 4617.9
697 4617.9
698 4617.9
699 4617.9
700 4617.9
701 4617.9
702 4617.9
703 4617.9
704 4617.9
705 4617.9
706 4617.9
707 4617.9
708 4617.9
709 4617.9
710 4617.9
711 4617.9
712 4617.9
713 4617.9
714 4617.9
715 4617.9
716 4617.9
717 4617.9
718 4617.9
719 4617.9
720 4617.9
721 4617.9
722 4617.9
723 4617.9
724 4617.9
725 4617.9
726 4617.9
727 4617.9
728 4617.9
729 4617.9
730 4617.9
731 4617.9
732 4617.9
733 4617.9
734 4617.9
735 4617.9
736 4617.9
737 4617.9
738 4617.9
739 4617.9
740 4617.9
741 4617.9
742 4617.9
743 4617.9
744 4617.9
745 4617.9
746 4617.9
747 4617.9
748 4617.9
749 4617.9
750 4617.9
751 4617.9
752 4617.9
753 4617.9
754 4617.9
755 4617.9
756 4617.9
757 4617.9
758 4617.9
759 4617.9
760 4617.9
761 4617.9
762 4617.9
763 4617.9
764 4617.9
765 4617.9
766 4617.9
767 4617.9
768 4617.9
769 4617.9
770 4617.9
771 4617.9
772 4617.9
773 4617.9
774 4617.9
775 4617.9
776 4617.9
777 4617.9
778 4617.9
779 4617.9
780 4617.9
781 4617.9
782 4617.9
783 4617.9
784 4617.9
785 4617.9
786 4617.9
787 4617.9
788 4617.9
789 4617.9
790 4617.9
791 4617.9
792 4617.9
793 4617.9
794 4617.9
795 4617.9
796 4617.9
797 4617.9
798 4617.9
799 4617.9
800 4617.9
801 4617.9
802 4617.9
803 4617.9
804 4617.9
805 4617.9
806 4617.9
807 4617.9
808 4617.9
809 4617.9
810 4617.9
811 4617.9
812 4617.9
813 4617.9
814 4617.9
815 4617.9
816 4617.9
817 4617.9
818 4617.9
819 4617.9
820 4617.9
821 4617.9
822 4617.9
823 4617.9
824 4617.9
825 4617.9
826 4617.9
827 4617.9
828 4617.9
829 4617.9
830 4617.9
831 4617.9
832 4617.9
833 4617.9
834 4617.9
835 4617.9
836 4617.9
837 4617.9
838 4617.9
839 4617.9
840 4617.9
841 4617.9
842 4617.9
843 4617.9
844 4617.9
845 4617.9
846 4617.9
847 4617.9
848 4617.9
849 4617.9
850 4617.9
851 4617.9
852 4617.9
853 4617.9
854 4617.9
855 4617.9
856 4617.9
857 4617.9
858 4617.9
859 4617.9
860 4617.9
861 4617.9
862 4617.9
863 4617.9
864 4617.9
865 4617.9
866 4617.9
867 4617.9
868 4617.9
869 4617.9
870 4617.9
871 4617.9
872 4617.9
873 4617.9
874 4617.9
875 4617.9
876 4617.9
877 4617.9
878 4617.9
879 4617.9
880 4617.9
881 4617.9
882 4617.9
883 4617.9
884 4617.9
885 4617.9
886 4617.9
887 4617.9
888 4617.9
889 4617.9
890 4617.9
891 4617.9
892 4617.9
893 4617.9
894 4617.9
895 4617.9
896 4617.9
897 4617.9
898 4617.9
899 4617.9
900 4617.9
901 4617.9
902 4617.9
903 4617.9
904 4617.9
905 4617.9
906 4617.9
907 4617.9
908 4617.9
909 4617.9
910 4617.9
911 4617.9
912 4617.9
913 4617.9
914 4617.9
915 4617.9
916 4617.9
917 4617.9
918 4617.9
919 4617.9
920 4617.9
921 4617.9
922 4617.9
923 4617.9
924 4617.9
925 4617.9
926 4617.9
927 4617.9
928 4617.9
929 4617.9
930 4617.9
931 4617.9
932 4617.9
933 4617.9
934 4617.9
935 4617.9
936 4617.9
937 4617.9
938 4617.9
939 4617.9
940 4617.9
941 4617.9
942 4617.9
943 4617.9
944 4617.9
945 4617.9
946 4617.9
947 4617.9
948 4617.9
949 4617.9
950 4617.9
951 4617.9
952 4617.9
953 4617.9
954 4617.9
955 4617.9
956 4617.9
957 4617.9
958 4617.9
959 4617.9
960 4617.9
961 4617.9
962 4617.9
963 4617.9
964 4617.9
965 4617.9
966 4617.9
967 4617.9
968 4617.9
969 4617.9
970 4617.9
971 4617.9
972 4617.9
973 4617.9
974 4617.9
975 4617.9
976 4617.9
977 4617.9
978 4617.9
979 4617.9
980 4617.9
981 4617.9
982 4617.9
983 4617.9
984 4617.9
985 4617.9
986 4617.9
987 4617.9
988 4617.9
989 4617.9
990 4617.9
991 4617.9
992 4617.9
993 4617.9
994 4617.9
995 4617.9
996 4617.9
997 4617.9
998 4617.9
999 4617.9
1000 4617.9
1001 4617.9
