1 34488.8
2 30023.8
3 27282
4 25294.9
5 23779
6 22430.1
7 21285.7
8 20082.7
9 19030.9
10 18102.2
11 17375.6
12 16660.8
13 15752.4
14 14506.4
15 13670.9
16 13059.6
17 12500.8
18 12200.3
19 11935.1
20 11590.5
21 11196.2
22 10761.4
23 10447
24 10148.4
25 9872.48
26 9518.67
27 9206.26
28 8996.12
29 8883.63
30 8709.06
31 8550.06
32 8414.16
33 8291.91
34 8180.72
35 8048.77
36 7914.35
37 7857.73
38 7792.02
39 7715.04
40 7627.27
41 7523.55
42 7438.26
43 7340.97
44 7158.14
45 6764.71
46 6345.49
47 6136.58
48 6076.94
49 6071.09
50 6063.81
51 6054.53
52 6042.92
53 6020.67
54 5966.92
55 5881.06
56 5817.21
57 5814.04
58 5802.45
59 5782.32
60 5752.48
61 5747.71
62 5743.05
63 5726.68
64 5696.79
65 5669.47
66 5634.18
67 5619.62
68 5595.58
69 5562.44
70 5532.81
71 5481.42
72 5449.37
73 5433.9
74 5404.75
75 5359.03
76 5323.68
77 5287.76
78 5257.08
79 5235.53
80 5226.82
81 5209.07
82 5197.86
83 5185.69
84 5175.85
85 5167.05
86 5160.28
87 5145.6
88 5122.69
89 5116.5
90 5103.94
91 5082.83
92 5071.47
93 5061.45
94 5059.43
95 5054.29
96 5042.54
97 5039.73
98 5028.51
99 5012.75
100 5004.87
101 5000.57
102 4984.97
103 4973.98
104 4973.6
105 4971.36
106 4960.69
107 4934.87
108 4912.76
109 4903.88
110 4901.35
111 4898.49
112 4897.63
113 4892.49
114 4875.05
115 4860.29
116 4847.28
117 4836.31
118 4835.78
119 4832.66
120 4821.62
121 4821.26
122 4819.57
123 4814.88
124 4814.65
125 4814.06
126 4812.61
127 4806.54
128 4794.56
129 4769.36
130 4752.66
131 4748.83
132 4748.83
133 4748.83
134 4748.68
135 4748.24
136 4745.48
137 4729.76
138 4711.76
139 4711.76
140 4711.63
141 4710.74
142 4709.22
143 4702.23
144 4680.08
145 4680.08
146 4680.08
147 4680.08
148 4680.08
149 4680.04
150 4679.82
151 4678.36
152 4672.72
153 4670.75
154 4670.75
155 4670.75
156 4670.75
157 4670.75
158 4670.75
159 4670.75
160 4670.75
161 4670.75
162 4670.75
163 4670.75
164 4670.75
165 4670.75
166 4670.75
167 4670.75
168 4670.75
169 4670.75
170 4670.74
171 4670.73
172 4670.66
173 4670.19
174 4669.51
175 4669.51
176 4669.51
177 4669.51
178 4669.51
179 4669.51
180 4669.51
181 4669.51
182 4669.51
183 4669.51
184 4669.51
185 4669.51
186 4669.51
187 4669.51
188 4669.51
189 4669.51
190 4669.51
191 4669.51
192 4669.51
193 4669.51
194 4669.51
195 4669.51
196 4669.51
197 4669.51
198 4669.51
199 4669.51
200 4669.51
201 4669.5
202 4669.44
203 4669.09
204 4667.36
205 4666.85
206 4666.85
207 4666.85
208 4666.85
209 4666.85
210 4666.85
211 4666.85
212 4666.82
213 4666.63
214 4665.84
215 4665.72
216 4665.72
217 4665.72
218 4665.72
219 4665.72
220 4665.72
221 4665.72
222 4665.72
223 4665.72
224 4665.72
225 4665.72
226 4665.72
227 4665.72
228 4665.72
229 4665.72
230 4665.72
231 4665.72
232 4665.72
233 4665.72
234 4665.72
235 4665.72
236 4665.72
237 4665.72
238 4665.72
239 4665.72
240 4665.72
241 4665.6
242 4665.02
243 4662.24
244 4649.02
245 4636.72
246 4636.72
247 4636.72
248 4636.72
249 4636.72
250 4636.72
251 4636.72
252 4636.72
253 4636.72
254 4636.72
255 4636.72
256 4636.72
257 4636.72
258 4636.72
259 4636.72
260 4636.72
261 4636.68
262 4636.5
263 4635.66
264 4631.86
265 4623.69
266 4621.37
267 4621.37
268 4621.37
269 4621.37
270 4621.37
271 4621.37
272 4621.37
273 4621.37
274 4621.37
275 4621.37
276 4621.37
277 4621.37
278 4621.37
279 4621.37
280 4621.37
281 4621.37
282 4621.37
283 4621.37
284 4621.37
285 4621.37
286 4621.37
287 4621.37
288 4621.37
289 4621.37
290 4621.37
291 4621.37
292 4621.37
293 4621.37
294 4621.37
295 4621.37
296 4621.37
297 4621.37
298 4621.37
299 4621.37
300 4621.37
301 4621.37
302 4621.37
303 4621.37
304 4621.37
305 4621.37
306 4621.37
307 4621.37
308 4621.37
309 4621.37
310 4621.37
311 4621.37
312 4621.37
313 4621.37
314 4621.37
315 4621.37
316 4621.37
317 4621.37
318 4621.37
319 4621.37
320 4621.37
321 4621.37
322 4621.37
323 4621.37
324 4621.37
325 4621.37
326 4621.37
327 4621.37
328 4621.37
329 4621.37
330 4621.37
331 4621.37
332 4621.37
333 4621.37
334 4621.37
335 4621.37
336 4621.37
337 4621.37
338 4621.37
339 4621.37
340 4621.37
341 4621.37
342 4621.37
343 4621.37
344 4621.37
345 4621.37
346 4621.37
347 4621.37
348 4621.37
349 4621.37
350 4621.35
351 4621.21
352 4620.46
353 4619.04
354 4619.04
355 4619.04
356 4619.04
357 4619.04
358 4619.04
359 4619.04
360 4619.04
361 4619.04
362 4619.04
363 4619.04
364 4619.04
365 4619.04
366 4619.04
367 4619.04
368 4619.04
369 4619.04
370 4619.04
371 4619.04
372 4619.04
373 4619.04
374 4619.04
375 4619.04
376 4619.04
377 4619.04
378 4619.04
379 4619.04
380 4619.04
381 4619.04
382 4619.04
383 4619.04
384 4619.04
385 4619.04
386 4619.04
387 4619.04
388 4619.04
389 4619.04
390 4619.04
391 4619.04
392 4619.04
393 4619.04
394 4619.04
395 4619.04
396 4619.04
397 4619.04
398 4619.04
399 4619.04
400 4619.04
401 4619.04
402 4619.04
403 4619.04
404 4619.04
405 4619.04
406 4619.04
407 4619.04
408 4619.04
409 4619.04
410 4619.04
411 4619.04
412 4619.04
413 4619.04
414 4619.04
415 4619.04
416 4619.04
417 4619.04
418 4619.04
419 4619.04
420 4619.04
421 4619.04
422 4619.04
423 4619.04
424 4619.04
425 4619.04
426 4619.04
427 4619.04
428 4619.04
429 4619.04
430 4619.04
431 4619.04
432 4619.04
433 4619.04
434 4619.04
435 4619.04
436 4619.04
437 4619.04
438 4619.04
439 4619.04
440 4619.04
441 4619.04
442 4619.04
443 4619.04
444 4619.04
445 4619.04
446 4619.02
447 4618.91
448 4618.44
449 4617.9
450 4617.9
451 4617.9
452 4617.9
453 4617.9
454 4617.9
455 4617.9
456 4617.9
457 4617.9
458 4617.9
459 4617.9
460 4617.9
461 4617.9
462 4617.9
463 4617.9
464 4617.9
465 4617.9
466 4617.9
467 4617.9
468 4617.9
469 4617.9
470 4617.9
471 4617.9
472 4617.9
473 4617.9
474 4617.9
475 4617.9
476 4617.9
477 4617.9
478 4617.9
479 4617.9
480 4617.9
481 4617.9
482 4617.9
483 4617.9
484 4617.9
485 4617.9
486 4617.9
487 4617.9
488 4617.9
489 4617.9
490 4617.9
491 4617.9
492 4617.9
493 4617.9
494 4617.9
495 4617.9
496 4617.9
497 4617.9
498 4617.9
499 4617.9
500 4617.9
501 4617.9
502 4617.9
503 4617.9
504 4617.9
505 4617.9
506 4617.9
507 4617.9
508 4617.9
509 4617.9
510 4617.9
511 4617.9
512 4617.9
513 4617.9
514 4617.9
515 4617.9
516 4617.9
517 4617.9
518 4617.9
519 4617.9
520 4617.9
521 4617.9
522 4617.9
523 4617.9
524 4617.9
525 4617.9
526 4617.9
527 4617.9
528 4617.9
529 4617.9
530 4617.9
531 4617.9
532 4617.9
533 4617.9
534 4617.9
535 4617.9
536 4617.9
537 4617.9
538 4617.9
539 4617.9
540 4617.9
541 4617.9
542 4617.9
543 4617.9
544 4617.9
545 4617.9
546 4617.9
547 4617.9
548 4617.9
549 4617.9
550 4617.9
551 4617.9
552 4617.9
553 4617.9
554 4617.9
555 4617.9
556 4617.9
557 4617.9
558 4617.9
559 4617.9
560 4617.9
561 4617.9
562 4617.9
563 4617.9
564 4617.9
565 4617.9
566 4617.9
567 4617.9
568 4617.9
569 4617.9
570 4617.9
571 4617.9
572 4617.9
573 4617.9
574 4617.9
575 4617.9
576 4617.9
577 4617.9
578 4617.9
579 4617.9
580 4617.9
581 4617.9
582 4617.9
583 4617.9
584 4617.9
585 4617.9
586 4617.9
587 4617.9
588 4617.9
589 4617.9
590 4617.9
591 4617.9
592 4617.9
593 4617.9
594 4617.9
595 4617.9
596 4617.9
597 4617.9
598 4617.9
599 4617.9
600 4617.9
601 4617.9
602 4617.9
603 4617.9
604 4617.9
605 4617.9
606 4617.9
607 4617.9
608 4617.9
609 4617.9
610 4617.9
611 4617.9
612 4617.9
613 4617.9
614 4617.9
615 4617.9
616 4617.9
617 4617.9
618 4617.9
619 4617.9
620 4617.9
621 4617.9
622 4617.9
623 4617.9
624 4617.9
625 4617.9
626 4617.9
627 4617.9
628 4617.9
629 4617.9
630 4617.9
631 4617.9
632 4617.9
633 4617.9
634 4617.9
635 4617.9
636 4617.9
637 4617.9
638 4617.9
639 4617.9
640 4617.9
641 4617.9
642 4617.9
643 4617.9
644 4617.9
645 4617.9
646 4617.9
647 4617.9
648 4617.9
649 4617.9
650 4617.9
651 4617.9
652 4617.9
653 4617.9
654 4617.9
655 4617.9
656 4617.9
657 4617.9
658 4617.9
659 4617.9
660 4617.9
661 4617.9
662 4617.9
663 4617.9
664 4617.9
665 4617.9
666 4617.9
667 4617.9
668 4617.9
669 4617.9
670 4617.9
671 4617.9
672 4617.9
673 4617.9
674 4617.9
675 4617.9
676 4617.9
677 4617.9
678 4617.9
679 4617.9
680 4617.9
681 4617.9
682 4617.9
683 4617.9
684 4617.9
685 4617.9
686 4617.9
687 4617.9
688 4617.9
689 4617.9
690 4617.9
691 4617.9
692 4617.9
693 4617.9
694 4617.9
695 4617.9
696 4617.9
697 4617.9
698 4617.9
699 4617.9
700 4617.9
701 4617.9
702 4617.9
703 4617.9
704 4617.9
705 4617.9
706 4617.9
707 4617.9
708 4617.9
709 4617.9
710 4617.9
711 4617.9
712 4617.9
713 4617.9
714 4617.9
715 4617.9
716 4617.9
717 4617.9
718 4617.9
719 4617.9
720 4617.9
721 4617.9
722 4617.9
723 4617.9
724 4617.9
725 4617.9
726 4617.9
727 4617.9
728 4617.9
729 4617.9
730 4617.9
731 4617.9
732 4617.9
733 4617.9
734 4617.9
735 4617.9
736 4617.9
737 4617.9
738 4617.9
739 4617.9
740 4617.9
741 4617.9
742 4617.9
743 4617.9
744 4617.9
745 4617.9
746 4617.9
747 4617.9
748 4617.9
749 4617.9
750 4617.9
751 4617.9
752 4617.9
753 4617.9
754 4617.9
755 4617.9
756 4617.9
757 4617.9
758 4617.9
759 4617.9
760 4617.9
761 4617.9
762 4617.9
763 4617.9
764 4617.9
765 4617.9
766 4617.9
767 4617.9
768 4617.9
769 4617.9
770 4617.9
771 4617.9
772 4617.9
773 4617.9
774 4617.9
775 4617.9
776 4617.9
777 4617.9
778 4617.9
779 4617.9
780 4617.9
781 4617.9
782 4617.9
783 4617.9
784 4617.9
785 4617.9
786 4617.9
787 4617.9
788 4617.9
789 4617.9
790 4617.9
791 4617.9
792 4617.9
793 4617.9
794 4617.9
795 4617.9
796 4617.9
797 4617.9
798 4617.9
799 4617.9
800 4617.9
801 4617.9
802 4617.9
803 4617.9
804 4617.9
805 4617.9
806 4617.9
807 4617.9
808 4617.9
809 4617.9
810 4617.9
811 4617.9
812 4617.9
813 4617.9
814 4617.9
815 4617.9
816 4617.9
817 4617.9
818 4617.9
819 4617.9
820 4617.9
821 4617.9
822 4617.9
823 4617.9
824 4617.9
825 4617.9
826 4617.9
827 4617.9
828 4617.9
829 4617.9
830 4617.9
831 4617.9
832 4617.9
833 4617.9
834 4617.9
835 4617.9
836 4617.9
837 4617.9
838 4617.9
839 4617.9
840 4617.9
841 4617.9
842 4617.9
843 4617.9
844 4617.9
845 4617.9
846 4617.9
847 4617.9
848 4617.9
849 4617.9
850 4617.9
851 4617.9
852 4617.9
853 4617.9
854 4617.9
855 4617.9
856 4617.9
857 4617.9
858 4617.9
859 4617.9
860 4617.9
861 4617.9
862 4617.9
863 4617.9
864 4617.9
865 4617.9
866 4617.9
867 4617.9
868 4617.9
869 4617.9
870 4617.9
871 4617.9
872 4617.9
873 4617.9
874 4617.9
875 4617.9
876 4617.9
877 4617.9
878 4617.9
879 4617.9
880 4617.9
881 4617.9
882 4617.9
883 4617.9
884 4617.9
885 4617.9
886 4617.9
887 4617.9
888 4617.9
889 4617.9
890 4617.9
891 4617.9
892 4617.9
893 4617.9
894 4617.9
895 4617.9
896 4617.9
897 4617.9
898 4617.9
899 4617.9
900 4617.9
901 4617.9
902 4617.9
903 4617.9
904 4617.9
905 4617.9
906 4617.9
907 4617.9
908 4617.9
909 4617.9
910 4617.9
911 4617.9
912 4617.9
913 4617.9
914 4617.9
915 4617.9
916 4617.9
917 4617.9
918 4617.9
919 4617.9
920 4617.9
921 4617.9
922 4617.9
923 4617.9
924 4617.9
925 4617.9
926 4617.9
927 4617.9
928 4617.9
929 4617.9
930 4617.9
931 4617.9
932 4617.9
933 4617.9
934 4617.9
935 4617.9
936 4617.9
937 4617.9
938 4617.9
939 4617.9
940 4617.9
941 4617.9
942 4617.9
943 4617.9
944 4617.9
945 4617.9
946 4617.9
947 4617.9
948 4617.9
949 4617.9
950 4617.9
951 4617.9
952 4617.9
953 4617.9
954 4617.9
955 4617.9
956 4617.9
957 4617.9
958 4617.9
959 4617.9
960 4617.9
961 4617.9
962 4617.9
963 4617.9
964 4617.9
965 4617.9
966 4617.9
967 4617.9
968 4617.9
969 4617.9
970 4617.9
971 4617.9
972 4617.9
973 4617.9
974 4617.9
975 4617.9
976 4617.9
977 4617.9
978 4617.9
979 4617.9
980 4617.9
981 4617.9
982 4617.9
983 4617.9
984 4617.9
985 4617.9
986 4617.9
987 4617.9
988 4617.9
989 4617.9
990 4617.9
991 4617.9
992 4617.9
993 4617.9
994 4617.9
995 4617.9
996 4617.9
997 4617.9
998 4617.9
999 4617.9
1000 4617.9
1001 4617.9
