           2    0.198342    0.196505  0.00031646
        1.95    0.199688    0.203839 0.000297118
         1.9    0.217553    0.212053 0.000326802
        1.85    0.221521    0.220218 0.000371594
         1.8     0.23025    0.229867 0.000352903
        1.75    0.241351    0.239381 0.000384043
         1.7    0.241622    0.249455 0.000436054
        1.65    0.256303    0.259802   0.0004939
         1.6    0.272421    0.270824 0.000550713
        1.55    0.282695     0.28124 0.000466932
         1.5     0.30007    0.293017 0.000455498
        1.45    0.301997    0.306619 0.000565413
         1.4    0.313886    0.319613 0.000572018
        1.35    0.318932    0.330922 0.000716203
         1.3    0.353981    0.344513 0.000668596
        1.25    0.360353    0.356859 0.000806495
         1.2    0.360819    0.373028 0.000805149
        1.15    0.396454    0.385303 0.000861655
         1.1      0.3869    0.397049  0.00100222
        1.05     0.40773    0.409216  0.00111391
           1    0.408639    0.419649   0.0012041
        0.95    0.438041     0.42824  0.00115247
         0.9    0.450147    0.438461  0.00144698
        0.85    0.449026    0.437806  0.00184912
         0.8     0.41615    0.442573  0.00205161
        0.75    0.450963    0.429317   0.0021231
         0.7    0.425063    0.432182  0.00281053
        0.65    0.475771     0.42072  0.00329864
         0.6    0.423939    0.417866  0.00316965
        0.55    0.330788    0.391646  0.00345222
         0.5    0.219118    0.321861  0.00561902
