           2    0.039768   0.0271716 0.000696458
        1.95     0.02624   0.0272065 0.000613521
         1.9    0.034724   0.0304118 0.000762094
        1.85     0.03122   0.0320164 0.000765646
         1.8     0.04048   0.0350548  0.00072289
        1.75     0.05258   0.0373604 0.000831198
         1.7    0.037408   0.0374506 0.000833219
        1.65     0.05594   0.0397133 0.000917051
         1.6    0.035868   0.0419274  0.00096802
        1.55    0.063496   0.0456524  0.00108304
         1.5    0.049668   0.0510233 0.000972303
        1.45    0.057312   0.0539558  0.00107115
         1.4    0.058268   0.0591871  0.00117986
        1.35     0.06368   0.0638913  0.00126087
         1.3    0.087116   0.0696716  0.00141516
        1.25    0.087988   0.0770938  0.00156498
         1.2    0.086124   0.0885133  0.00152142
        1.15    0.110256   0.0984432  0.00186519
         1.1    0.056716    0.115222  0.00212458
        1.05    0.111128    0.125703  0.00250314
           1    0.156696    0.150575  0.00286334
        0.95    0.188168    0.171818  0.00330013
         0.9    0.188416    0.202357  0.00401122
        0.85     0.20754     0.23947  0.00527306
         0.8    0.353824     0.28912  0.00612684
        0.75     0.37094    0.348934  0.00693989
         0.7    0.532656    0.443621   0.0072725
        0.65    0.622544    0.548865  0.00912848
         0.6    0.626092    0.667363   0.0113214
        0.55    0.588608    0.765855    0.015175
         0.5    0.967364    0.885201    0.010418
