           2     1.38388      1.3633  0.00407039
        1.95      1.4639     1.43277   0.0039194
         1.9     1.49877     1.50563  0.00394503
        1.85     1.56138     1.59274   0.0045215
         1.8      1.6594     1.68531  0.00504648
        1.75     1.77465     1.78696  0.00512338
         1.7     1.89217     1.90703  0.00631439
        1.65     1.94729     2.02747  0.00693055
         1.6     2.13026      2.1815  0.00875814
        1.55     2.40428     2.34786  0.00800485
         1.5     2.42745     2.53409  0.00934373
        1.45     2.75565     2.73515   0.0112161
         1.4     2.91046     2.97985   0.0122416
        1.35     3.31636     3.26577   0.0134057
         1.3     3.85465     3.57847   0.0149775
        1.25     3.87235      3.9642   0.0199055
         1.2     4.31096     4.41385   0.0206827
        1.15     4.89275     4.97047   0.0270431
         1.1      5.3195     5.61729   0.0342706
        1.05     6.49392     6.40401    0.037919
           1      6.5861     7.39862   0.0503404
        0.95     8.07121     8.61159   0.0598963
         0.9     9.67968     10.1473   0.0742501
        0.85     11.7881     12.2344    0.102613
         0.8     13.4077     15.3186    0.128821
        0.75     18.0569     18.7601      0.1924
         0.7     23.7504     24.3816    0.235237
        0.65     36.1616     32.6192    0.346734
         0.6     45.4877     45.0367    0.510437
        0.55     64.3905     59.8215    0.554332
         0.5     90.3666     78.4036    0.709414
