           2   -0.464016   -0.462096 0.000176799
        1.95    -0.47524   -0.472352 0.000179529
         1.9   -0.482696     -0.4827 0.000184461
        1.85    -0.49284   -0.493373 0.000198454
         1.8   -0.503312   -0.504713 0.000187764
        1.75   -0.517608   -0.516331 0.000188324
         1.7   -0.525512   -0.528848 0.000226816
        1.65    -0.54144   -0.541324 0.000185201
         1.6   -0.547192   -0.554808  0.00021169
        1.55   -0.569184   -0.568616 0.000207522
         1.5    -0.58048   -0.583046 0.000192805
        1.45   -0.599272    -0.59793 0.000197426
         1.4   -0.615104   -0.613239  0.00020949
        1.35    -0.62976    -0.62965 0.000200293
         1.3   -0.647392   -0.646222 0.000224679
        1.25    -0.66336   -0.663834 0.000233302
         1.2   -0.680864   -0.682432 0.000217235
        1.15   -0.698784   -0.701169 0.000243681
         1.1   -0.720472   -0.721259 0.000264946
        1.05   -0.743872   -0.740756 0.000276189
           1   -0.755616   -0.761391  0.00028936
        0.95   -0.779512   -0.783092 0.000300452
         0.9   -0.801032   -0.803977 0.000300439
        0.85   -0.824888   -0.825748  0.00033312
         0.8   -0.839976   -0.848528 0.000340347
        0.75   -0.867896   -0.870008 0.000393773
         0.7   -0.892112   -0.891272 0.000403125
        0.65   -0.915312   -0.913962 0.000493069
         0.6   -0.935024    -0.93599 0.000635355
        0.55    -0.96212   -0.955748  0.00062059
         0.5   -0.985224   -0.973492  0.00071226
