           2      1.3297     1.36003  0.00370511
        1.95     1.43391     1.43181  0.00328544
         1.9     1.52031     1.50583  0.00308069
        1.85     1.59418      1.5931  0.00334609
         1.8     1.71872     1.69018  0.00418644
        1.75     1.89824     1.78561  0.00509212
         1.7     1.95293     1.91128  0.00482716
        1.65     2.10546      2.0378  0.00526115
         1.6     2.22616     2.17357  0.00588891
        1.55     2.25747     2.33976  0.00639071
         1.5     2.57335     2.51832  0.00714066
        1.45     2.82616     2.74558  0.00857112
         1.4      3.0405     2.98891    0.009655
        1.35     3.10796     3.26528   0.0112939
         1.3     3.61333     3.58064   0.0109899
        1.25     3.94612     3.93571   0.0126081
         1.2     4.25634     4.40142   0.0165371
        1.15     5.35029     4.95037   0.0194019
         1.1     5.66434     5.58038   0.0233548
        1.05     6.53818     6.40353   0.0287341
           1     7.55118     7.39732   0.0378592
        0.95     8.17375     8.62296   0.0500826
         0.9     11.0908     10.2822   0.0540287
        0.85     11.8777     12.2643   0.0720182
         0.8     15.1562     15.1867    0.106665
        0.75     19.2798     19.1326    0.124677
         0.7     25.5945     24.8567    0.191542
        0.65     35.9126     33.0555    0.283629
         0.6     40.7996     44.5199    0.341512
        0.55     52.9868     59.1222    0.471605
         0.5     82.1331     79.6609    0.404521
