           2    0.039472   0.0276861 0.000579977
        1.95    0.033056     0.02915 0.000482323
         1.9    0.040456   0.0311273 0.000571646
        1.85    0.026964    0.032641  0.00056312
         1.8      0.0281   0.0335081  0.00060752
        1.75    0.029404   0.0355664 0.000614949
         1.7    0.040908   0.0382845 0.000660021
        1.65    0.041896   0.0412646 0.000704351
         1.6    0.046992   0.0438247 0.000767841
        1.55    0.039144   0.0470743 0.000799767
         1.5     0.04758   0.0496532 0.000905447
        1.45    0.054296   0.0533652 0.000880799
         1.4     0.05448    0.058909 0.000966423
        1.35    0.067112     0.06537 0.000936553
         1.3    0.082564   0.0730392  0.00119442
        1.25    0.091852   0.0789475  0.00126537
         1.2    0.103708   0.0871564  0.00133019
        1.15    0.131452   0.0987987  0.00162118
         1.1    0.135476    0.112064  0.00187117
        1.05     0.11156    0.129756  0.00184732
           1    0.148872    0.145713  0.00211257
        0.95    0.136912    0.172347  0.00244737
         0.9    0.144932    0.202083  0.00280059
        0.85    0.237244    0.238297  0.00350314
         0.8    0.278664    0.297239  0.00404059
        0.75    0.295756    0.359833  0.00494677
         0.7    0.502448    0.445156  0.00643086
        0.65    0.590712    0.557673  0.00679413
         0.6    0.675544    0.669266   0.0082964
        0.55    0.869356    0.796127  0.00831858
         0.5    0.900652    0.882125  0.00970019
