           2    0.196818    0.196671 0.000298413
        1.95    0.204299    0.204633 0.000305983
         1.9    0.209305    0.212407  0.00033762
        1.85     0.21629    0.220592 0.000370058
         1.8    0.226633    0.230272 0.000377737
        1.75    0.239618     0.23978 0.000410659
         1.7    0.257823    0.249261 0.000429512
        1.65    0.264201    0.260025 0.000457004
         1.6    0.267015     0.27076 0.000468282
        1.55    0.272186    0.281794 0.000470723
         1.5    0.295931    0.293113 0.000510304
        1.45    0.309229    0.305128 0.000512384
         1.4    0.327605    0.318491 0.000647589
        1.35     0.31806    0.329888 0.000567074
         1.3    0.348659    0.343687 0.000624322
        1.25    0.358171     0.35792 0.000744993
         1.2    0.375671    0.370665 0.000713656
        1.15    0.396883    0.383708 0.000877575
         1.1    0.394644    0.396851  0.00085048
        1.05    0.419918    0.407995 0.000856706
           1    0.419668    0.421913  0.00105863
        0.95    0.430855     0.43087  0.00114519
         0.9    0.437719    0.436126  0.00120479
        0.85    0.428724     0.43939  0.00146176
         0.8     0.44225    0.438107   0.0014644
        0.75    0.441376    0.437159  0.00206084
         0.7    0.436078    0.432279  0.00235359
        0.65    0.420036    0.428712  0.00271969
         0.6    0.407328    0.422065  0.00213648
        0.55    0.395385    0.396081  0.00249422
         0.5    0.304632    0.322257  0.00415301
