           2   -0.464328   -0.462038 0.000161362
        1.95   -0.472304    -0.47226 0.000175461
         1.9   -0.485024   -0.482447 0.000156305
        1.85   -0.495344   -0.493369 0.000157444
         1.8   -0.503136   -0.504683 0.000176023
        1.75    -0.51936   -0.516515 0.000171234
         1.7   -0.526024   -0.528823 0.000180033
        1.65   -0.541048   -0.541402 0.000192018
         1.6    -0.55372   -0.554546 0.000164551
        1.55   -0.570024   -0.568617 0.000195674
         1.5   -0.581256   -0.582615 0.000205053
        1.45    -0.59536   -0.597834 0.000177451
         1.4   -0.614928   -0.613743 0.000180382
        1.35   -0.632488   -0.629516 0.000207106
         1.3   -0.645432    -0.64679 0.000198688
        1.25   -0.661696      -0.664 0.000224116
         1.2   -0.682288   -0.682442 0.000193296
        1.15   -0.705736   -0.701234 0.000215928
         1.1   -0.720656   -0.720734 0.000209541
        1.05   -0.739872   -0.740976 0.000240463
           1   -0.762976   -0.761505  0.00022846
        0.95   -0.783648   -0.782502 0.000245886
         0.9   -0.808112   -0.804216 0.000263439
        0.85   -0.821184   -0.826281  0.00028905
         0.8   -0.847704   -0.848541  0.00032167
        0.75   -0.874936   -0.870513   0.0003009
         0.7    -0.89492    -0.89221 0.000354934
        0.65    -0.91976   -0.914039 0.000423612
         0.6   -0.932648   -0.935584 0.000483088
        0.55   -0.949864    -0.95502  0.00055139
         0.5   -0.977112   -0.974723  0.00041979
