1 34124.2
2 29723.2
3 26804.1
4 23886.8
5 22070.1
6 20936.5
7 19528.5
8 17953.5
9 16848
10 15985.1
11 15458.1
12 14965.2
13 14614.6
14 14065.7
15 13294.9
16 12539.2
17 11742.7
18 11182.5
19 10935.3
20 10676.6
21 10439.6
22 10177.2
23 9853.95
24 9503.99
25 9226.76
26 8954.67
27 8721.41
28 8516.46
29 8311.98
30 8158.31
31 7922.77
32 7780.43
33 7638.07
34 7591.53
35 7559.49
36 7499.43
37 7431.27
38 7371.66
39 7276.28
40 7205.18
41 7176.37
42 7097.77
43 6995.04
44 6974.11
45 6950.46
46 6911.64
47 6892.3
48 6888.37
49 6877.95
50 6853.37
51 6799.26
52 6705.82
53 6609.08
54 6593.88
55 6528.68
56 6328.44
57 6299.03
58 6284.34
59 6251.21
60 6218.79
61 6188.06
62 6163.45
63 6145.66
64 6118.26
65 6074.47
66 6067.82
67 6055.98
68 6050.39
69 6041.85
70 6035.71
71 6016.9
72 5937.67
73 5852.84
74 5844.98
75 5819.19
76 5767.82
77 5755.93
78 5738.09
79 5732.71
80 5724.09
81 5693.24
82 5655.96
83 5603.2
84 5562.69
85 5547.92
86 5542.64
87 5532.86
88 5511.03
89 5488.98
90 5468.08
91 5462.62
92 5459.51
93 5450.06
94 5446.53
95 5446.2
96 5444.63
97 5437.12
98 5401.02
99 5380.95
100 5374.58
101 5364.96
102 5359.26
103 5343.93
104 5337.83
105 5332.11
106 5331.73
107 5329.66
108 5323.69
109 5306.06
110 5268.14
111 5246.55
112 5215.44
113 5188.34
114 5147.77
115 5062.89
116 4985.75
117 4973.25
118 4955.72
119 4954.24
120 4954.17
121 4953.81
122 4953.17
123 4953.17
124 4953.17
125 4953.16
126 4953.11
127 4952.73
128 4951.17
129 4949.71
130 4947.1
131 4945.66
132 4945.66
133 4945.66
134 4945.66
135 4945.66
136 4945.66
137 4945.66
138 4945.66
139 4945.66
140 4945.66
141 4945.66
142 4945.5
143 4944.84
144 4941.36
145 4922.26
146 4903.09
147 4897.9
148 4879.36
149 4858.08
150 4855.59
151 4851.64
152 4851.64
153 4851.64
154 4851.64
155 4851.64
156 4851.64
157 4851.64
158 4851.64
159 4851.64
160 4851.64
161 4851.64
162 4851.64
163 4851.64
164 4851.64
165 4851.44
166 4850.36
167 4844.98
168 4819.88
169 4799.54
170 4794.12
171 4782.77
172 4778.82
173 4764.95
174 4758.93
175 4758.93
176 4758.92
177 4758.88
178 4758.72
179 4758.65
180 4758.65
181 4758.65
182 4758.65
183 4758.65
184 4758.6
185 4758.39
186 4756.8
187 4749.19
188 4745.8
189 4745.8
190 4745.8
191 4745.8
192 4745.8
193 4745.8
194 4745.8
195 4745.8
196 4745.8
197 4745.8
198 4745.8
199 4745.8
200 4745.8
201 4745.8
202 4745.8
203 4745.8
204 4745.8
205 4745.8
206 4745.8
207 4745.8
208 4745.8
209 4745.8
210 4745.8
211 4745.8
212 4745.8
213 4745.8
214 4745.8
215 4745.8
216 4745.8
217 4745.8
218 4745.8
219 4745.8
220 4745.8
221 4745.8
222 4745.8
223 4745.8
224 4745.8
225 4745.8
226 4745.8
227 4745.8
228 4745.8
229 4745.8
230 4745.8
231 4745.8
232 4745.8
233 4745.8
234 4745.8
235 4745.8
236 4745.8
237 4745.8
238 4745.8
239 4745.8
240 4745.8
241 4745.8
242 4745.8
243 4745.8
244 4745.8
245 4745.8
246 4745.8
247 4745.8
248 4745.8
249 4745.8
250 4745.8
251 4745.8
252 4745.8
253 4745.8
254 4745.8
255 4745.8
256 4745.8
257 4745.8
258 4745.8
259 4745.8
260 4745.8
261 4745.8
262 4745.8
263 4745.8
264 4745.8
265 4745.8
266 4745.8
267 4745.8
268 4745.8
269 4745.8
270 4745.8
271 4745.8
272 4745.8
273 4745.8
274 4745.8
275 4745.8
276 4745.8
277 4745.8
278 4745.8
279 4745.8
280 4745.8
281 4745.8
282 4745.8
283 4745.8
284 4745.8
285 4745.8
286 4745.8
287 4745.8
288 4745.8
289 4745.8
290 4745.8
291 4745.8
292 4745.8
293 4745.8
294 4745.8
295 4745.8
296 4745.8
297 4745.8
298 4745.8
299 4745.8
300 4745.8
301 4745.8
302 4745.8
303 4745.8
304 4745.8
305 4745.8
306 4745.8
307 4745.8
308 4745.8
309 4745.8
310 4745.8
311 4745.8
312 4745.8
313 4745.8
314 4745.8
315 4745.8
316 4745.8
317 4745.8
318 4745.8
319 4745.8
320 4745.8
321 4745.8
322 4745.8
323 4745.8
324 4745.8
325 4745.8
326 4745.8
327 4745.8
328 4745.8
329 4745.8
330 4745.8
331 4745.8
332 4745.8
333 4745.8
334 4745.8
335 4745.8
336 4745.8
337 4745.8
338 4745.8
339 4745.8
340 4745.8
341 4745.8
342 4745.8
343 4745.8
344 4745.8
345 4745.8
346 4745.8
347 4745.8
348 4745.8
349 4745.8
350 4745.8
351 4745.8
352 4745.8
353 4745.8
354 4745.8
355 4745.8
356 4745.8
357 4745.8
358 4745.8
359 4745.8
360 4745.8
361 4745.8
362 4745.8
363 4745.8
364 4745.8
365 4745.8
366 4745.8
367 4745.8
368 4745.8
369 4745.8
370 4745.8
371 4745.8
372 4745.8
373 4745.8
374 4745.8
375 4745.8
376 4745.8
377 4745.8
378 4745.8
379 4745.8
380 4745.8
381 4745.8
382 4745.8
383 4745.8
384 4745.8
385 4745.8
386 4745.8
387 4745.8
388 4745.8
389 4745.8
390 4745.8
391 4745.8
392 4745.8
393 4745.8
394 4745.8
395 4745.8
396 4745.8
397 4745.8
398 4745.8
399 4745.8
400 4745.8
401 4745.8
402 4745.8
403 4745.8
404 4745.8
405 4745.8
406 4745.8
407 4745.8
408 4745.8
409 4745.8
410 4745.8
411 4745.8
412 4745.8
413 4745.8
414 4745.8
415 4745.8
416 4745.8
417 4745.8
418 4745.8
419 4745.8
420 4745.8
421 4745.8
422 4745.8
423 4745.8
424 4745.8
425 4745.8
426 4745.8
427 4745.8
428 4745.8
429 4745.8
430 4745.8
431 4745.8
432 4745.8
433 4745.8
434 4745.8
435 4745.8
436 4745.8
437 4745.8
438 4745.8
439 4745.8
440 4745.8
441 4745.8
442 4745.8
443 4745.8
444 4745.8
445 4745.8
446 4745.8
447 4745.8
448 4745.8
449 4745.8
450 4745.8
451 4745.8
452 4745.8
453 4745.8
454 4745.8
455 4745.8
456 4745.8
457 4745.8
458 4745.8
459 4745.8
460 4745.8
461 4745.8
462 4745.8
463 4745.8
464 4745.8
465 4745.8
466 4745.8
467 4745.8
468 4745.8
469 4745.8
470 4745.8
471 4745.8
472 4745.8
473 4745.8
474 4745.8
475 4745.8
476 4745.8
477 4745.8
478 4745.8
479 4745.8
480 4745.8
481 4745.8
482 4745.8
483 4745.8
484 4745.8
485 4745.8
486 4745.8
487 4745.8
488 4745.8
489 4745.8
490 4745.8
491 4745.8
492 4745.8
493 4745.8
494 4745.8
495 4745.8
496 4745.8
497 4745.8
498 4745.8
499 4745.8
500 4745.8
501 4745.8
502 4745.8
503 4745.8
504 4745.8
505 4745.8
506 4745.8
507 4745.8
508 4745.8
509 4745.8
510 4745.8
511 4745.8
512 4745.8
513 4745.8
514 4745.8
515 4745.8
516 4745.8
517 4745.8
518 4745.8
519 4745.8
520 4745.8
521 4745.8
522 4745.8
523 4745.8
524 4745.8
525 4745.8
526 4745.8
527 4745.8
528 4745.8
529 4745.8
530 4745.8
531 4745.8
532 4745.8
533 4745.8
534 4745.8
535 4745.8
536 4745.8
537 4745.8
538 4745.8
539 4745.8
540 4745.8
541 4745.8
542 4745.8
543 4745.8
544 4745.8
545 4745.8
546 4745.8
547 4745.8
548 4745.8
549 4745.8
550 4745.8
551 4745.8
552 4745.8
553 4745.8
554 4745.8
555 4745.8
556 4745.8
557 4745.8
558 4745.8
559 4745.8
560 4745.8
561 4745.8
562 4745.8
563 4745.8
564 4745.8
565 4745.8
566 4745.8
567 4745.8
568 4745.8
569 4745.8
570 4745.8
571 4745.8
572 4745.8
573 4745.8
574 4745.8
575 4745.8
576 4745.8
577 4745.8
578 4745.8
579 4745.8
580 4745.8
581 4745.8
582 4745.8
583 4745.8
584 4745.8
585 4745.8
586 4745.8
587 4745.8
588 4745.8
589 4745.8
590 4745.8
591 4745.8
592 4745.8
593 4745.8
594 4745.8
595 4745.8
596 4745.8
597 4745.8
598 4745.8
599 4745.8
600 4745.8
601 4745.8
602 4745.8
603 4745.8
604 4745.8
605 4745.8
606 4745.8
607 4745.8
608 4745.8
609 4745.8
610 4745.8
611 4745.8
612 4745.8
613 4745.8
614 4745.8
615 4745.8
616 4745.8
617 4745.8
618 4745.8
619 4745.8
620 4745.8
621 4745.8
622 4745.8
623 4745.8
624 4745.8
625 4745.8
626 4745.8
627 4745.8
628 4745.8
629 4745.8
630 4745.8
631 4745.8
632 4745.8
633 4745.8
634 4745.8
635 4745.8
636 4745.8
637 4745.8
638 4745.8
639 4745.8
640 4745.8
641 4745.8
642 4745.8
643 4745.8
644 4745.8
645 4745.8
646 4745.8
647 4745.8
648 4745.8
649 4745.8
650 4745.8
651 4745.8
652 4745.8
653 4745.8
654 4745.8
655 4745.8
656 4745.8
657 4745.8
658 4745.8
659 4745.8
660 4745.8
661 4745.8
662 4745.8
663 4745.8
664 4745.8
665 4745.8
666 4745.8
667 4745.8
668 4745.8
669 4745.8
670 4745.8
671 4745.8
672 4745.8
673 4745.8
674 4745.8
675 4745.8
676 4745.8
677 4745.8
678 4745.8
679 4745.8
680 4745.8
681 4745.8
682 4745.8
683 4745.8
684 4745.8
685 4745.8
686 4745.8
687 4745.8
688 4745.8
689 4745.8
690 4745.8
691 4745.8
692 4745.8
693 4745.8
694 4745.8
695 4745.8
696 4745.8
697 4745.8
698 4745.8
699 4745.8
700 4745.8
701 4745.8
702 4745.8
703 4745.8
704 4745.8
705 4745.8
706 4745.8
707 4745.8
708 4745.8
709 4745.8
710 4745.8
711 4745.8
712 4745.8
713 4745.8
714 4745.8
715 4745.8
716 4745.8
717 4745.8
718 4745.8
719 4745.8
720 4745.8
721 4745.8
722 4745.8
723 4745.8
724 4745.8
725 4745.8
726 4745.8
727 4745.8
728 4745.8
729 4745.8
730 4745.8
731 4745.8
732 4745.8
733 4745.8
734 4745.8
735 4745.8
736 4745.8
737 4745.8
738 4745.8
739 4745.8
740 4745.8
741 4745.8
742 4745.8
743 4745.8
744 4745.8
745 4745.8
746 4745.8
747 4745.8
748 4745.8
749 4745.8
750 4745.8
751 4745.8
752 4745.8
753 4745.8
754 4745.8
755 4745.8
756 4745.8
757 4745.8
758 4745.8
759 4745.8
760 4745.8
761 4745.8
762 4745.8
763 4745.8
764 4745.8
765 4745.8
766 4745.8
767 4745.8
768 4745.8
769 4745.8
770 4745.8
771 4745.8
772 4745.8
773 4745.8
774 4745.8
775 4745.8
776 4745.8
777 4745.8
778 4745.8
779 4745.8
780 4745.8
781 4745.8
782 4745.8
783 4745.8
784 4745.8
785 4745.8
786 4745.8
787 4745.8
788 4745.8
789 4745.8
790 4745.8
791 4745.8
792 4745.8
793 4745.8
794 4745.8
795 4745.8
796 4745.8
797 4745.8
798 4745.8
799 4745.8
800 4745.8
801 4745.8
802 4745.8
803 4745.8
804 4745.8
805 4745.8
806 4745.8
807 4745.8
808 4745.8
809 4745.8
810 4745.8
811 4745.8
812 4745.8
813 4745.8
814 4745.8
815 4745.8
816 4745.8
817 4745.8
818 4745.8
819 4745.8
820 4745.8
821 4745.8
822 4745.8
823 4745.8
824 4745.8
825 4745.8
826 4745.8
827 4745.8
828 4745.8
829 4745.8
830 4745.8
831 4745.8
832 4745.8
833 4745.8
834 4745.8
835 4745.8
836 4745.8
837 4745.8
838 4745.8
839 4745.8
840 4745.8
841 4745.8
842 4745.8
843 4745.8
844 4745.8
845 4745.8
846 4745.8
847 4745.8
848 4745.8
849 4745.8
850 4745.8
851 4745.8
852 4745.8
853 4745.8
854 4745.8
855 4745.8
856 4745.8
857 4745.8
858 4745.8
859 4745.8
860 4745.8
861 4745.8
862 4745.8
863 4745.8
864 4745.8
865 4745.8
866 4745.8
867 4745.8
868 4745.8
869 4745.8
870 4745.8
871 4745.8
872 4745.8
873 4745.8
874 4745.8
875 4745.8
876 4745.8
877 4745.8
878 4745.8
879 4745.8
880 4745.8
881 4745.8
882 4745.8
883 4745.8
884 4745.8
885 4745.8
886 4745.8
887 4745.8
888 4745.8
889 4745.8
890 4745.8
891 4745.8
892 4745.8
893 4745.8
894 4745.8
895 4745.8
896 4745.8
897 4745.8
898 4745.8
899 4745.8
900 4745.8
901 4745.8
902 4745.8
903 4745.8
904 4745.8
905 4745.8
906 4745.8
907 4745.8
908 4745.8
909 4745.8
910 4745.8
911 4745.8
912 4745.8
913 4745.8
914 4745.8
915 4745.8
916 4745.8
917 4745.8
918 4745.8
919 4745.8
920 4745.8
921 4745.8
922 4745.8
923 4745.8
924 4745.8
925 4745.8
926 4745.8
927 4745.8
928 4745.8
929 4745.8
930 4745.8
931 4745.8
932 4745.8
933 4745.8
934 4745.8
935 4745.8
936 4745.8
937 4745.8
938 4745.8
939 4745.8
940 4745.8
941 4745.8
942 4745.8
943 4745.8
944 4745.8
945 4745.8
946 4745.8
947 4745.8
948 4745.8
949 4745.8
950 4745.8
951 4745.8
952 4745.8
953 4745.8
954 4745.8
955 4745.8
956 4745.8
957 4745.8
958 4745.8
959 4745.8
960 4745.8
961 4745.8
962 4745.8
963 4745.8
964 4745.8
965 4745.8
966 4745.8
967 4745.8
968 4745.8
969 4745.8
970 4745.8
971 4745.8
972 4745.8
973 4745.8
974 4745.8
975 4745.8
976 4745.8
977 4745.8
978 4745.8
979 4745.8
980 4745.8
981 4745.8
982 4745.8
983 4745.8
984 4745.8
985 4745.8
986 4745.8
987 4745.8
988 4745.8
989 4745.8
990 4745.8
991 4745.8
992 4745.8
993 4745.8
994 4745.8
995 4745.8
996 4745.8
997 4745.8
998 4745.8
999 4745.8
1000 4745.8
1001 4745.8
