1 26847.6
2 25497.2
3 21373.9
4 19450.4
5 19450.4
6 19049.8
7 17865.1
8 16850.8
9 15907.1
10 15769.1
11 14002
12 13561.9
13 12170.8
14 12170.8
15 11675.4
16 11675.4
17 11383.4
18 11373.9
19 11137.8
20 10842.6
21 10592.7
22 10462.9
23 10219.3
24 9629.67
25 9505.5
26 9287.7
27 9203.98
28 9105
29 8866.58
30 8866.58
31 8562.45
32 8199.67
33 8138.34
34 7928.61
35 7593.38
36 7483.43
37 7383.65
38 7141.06
39 7008.68
40 6949.5
41 6811.47
42 6811.47
43 6785.56
44 6730.31
45 6592.28
46 6592.28
47 6479.13
48 6479.13
49 6387.78
50 6282.51
51 6282.51
52 6275.17
53 6234.64
54 5993.28
55 5993.28
56 5947.33
57 5942.13
58 5942.13
59 5934.82
60 5902.75
61 5902.75
62 5902.75
63 5838.42
64 5797.48
65 5797.48
66 5708.42
67 5701.14
68 5701.14
69 5651.75
70 5651.75
71 5635.86
72 5568.5
73 5568.5
74 5505.18
75 5505.18
76 5444.23
77 5444.23
78 5403.04
79 5388.28
80 5339.13
81 5333.67
82 5265.9
83 5201.63
84 5201.63
85 5190.93
86 5120.21
87 5120.21
88 5107.63
89 5096.08
90 5096.08
91 5096.08
92 5073.17
93 5065.13
94 5063.48
95 5063.48
96 5045.46
97 5045.46
98 5041.99
99 4989.11
100 4985.29
101 4985.29
102 4942.93
103 4923.67
104 4851.33
105 4851.33
106 4838.55
107 4838.55
108 4834.68
109 4834.68
110 4821.9
111 4821.9
112 4821.9
113 4803.32
114 4803.32
115 4803.32
116 4803.32
117 4780.92
118 4780.92
119 4780.92
120 4771.58
121 4771.58
122 4771.58
123 4771.58
124 4771.58
125 4769.35
126 4769.35
127 4769.35
128 4769.35
129 4769.35
130 4769.35
131 4769.35
132 4723.65
133 4723.65
134 4723.65
135 4723.65
136 4723.65
137 4723.65
138 4723.65
139 4723.65
140 4723.65
141 4723.65
142 4723.65
143 4723.65
144 4723.65
145 4723.65
146 4723.65
147 4723.65
148 4723.65
149 4723.65
150 4723.65
151 4723.65
152 4723.65
153 4723.65
154 4723.65
155 4723.65
156 4723.65
157 4723.65
158 4723.65
159 4723.65
160 4723.65
161 4714.92
162 4714.92
163 4687.63
164 4687.63
165 4687.63
166 4678.9
167 4678.9
168 4678.9
169 4635.8
170 4635.8
171 4635.8
172 4635.8
173 4635.8
174 4635.8
175 4635.8
176 4635.8
177 4635.8
178 4635.8
179 4635.8
180 4635.8
181 4635.8
182 4635.8
183 4635.8
184 4635.8
185 4635.8
186 4635.8
187 4635.8
188 4635.8
189 4635.8
190 4635.8
191 4635.8
192 4635.8
193 4635.8
194 4635.8
195 4635.8
196 4635.8
197 4635.8
198 4635.8
199 4635.8
200 4635.8
201 4635.8
202 4635.8
203 4635.8
204 4635.8
205 4635.8
206 4635.8
207 4635.8
208 4635.8
209 4635.8
210 4635.8
211 4635.8
212 4635.8
213 4635.8
214 4635.8
215 4635.8
216 4635.8
217 4635.8
218 4635.8
219 4631.95
220 4631.95
221 4631.95
222 4628.16
223 4628.16
224 4628.16
225 4628.16
226 4628.16
227 4628.16
228 4628.16
229 4628.16
230 4628.16
231 4628.16
232 4628.16
233 4623.36
234 4623.36
235 4623.36
236 4623.36
237 4623.36
238 4623.36
239 4623.36
240 4623.36
241 4623.36
242 4623.36
243 4623.36
244 4623.36
245 4623.36
246 4623.36
247 4623.36
248 4623.36
249 4623.36
250 4623.36
251 4623.36
252 4623.36
253 4623.36
254 4623.36
255 4623.36
256 4623.36
257 4623.36
258 4623.36
259 4623.36
260 4623.36
261 4623.36
262 4623.36
263 4623.36
264 4623.36
265 4623.36
266 4623.36
267 4623.36
268 4623.36
269 4623.36
270 4623.36
271 4623.36
272 4623.36
273 4623.36
274 4623.36
275 4623.36
276 4623.36
277 4623.36
278 4623.36
279 4623.36
280 4623.36
281 4623.36
282 4623.36
283 4623.36
284 4623.36
285 4623.36
286 4623.36
287 4623.36
288 4623.36
289 4623.36
290 4623.36
291 4623.36
292 4623.36
293 4623.36
294 4623.36
295 4623.36
296 4623.36
297 4623.36
298 4623.36
299 4623.36
300 4623.36
301 4623.36
302 4623.36
303 4623.36
304 4623.36
305 4623.36
306 4623.36
307 4623.36
308 4623.36
309 4623.36
310 4623.36
311 4623.36
312 4623.36
313 4623.36
314 4623.36
315 4623.36
316 4623.36
317 4623.36
318 4623.36
319 4623.36
320 4623.36
321 4623.36
322 4623.36
323 4623.36
324 4623.36
325 4623.36
326 4623.36
327 4623.36
328 4623.36
329 4623.36
330 4623.36
331 4623.36
332 4623.36
333 4623.36
334 4623.36
335 4623.36
336 4623.36
337 4623.36
338 4623.36
339 4623.36
340 4623.36
341 4623.36
342 4623.36
343 4623.36
344 4623.36
345 4623.36
346 4623.36
347 4623.36
348 4623.36
349 4623.36
350 4623.36
351 4623.36
352 4623.36
353 4623.36
354 4623.36
355 4623.36
356 4623.36
357 4623.36
358 4623.36
359 4623.36
360 4623.36
361 4623.36
362 4623.36
363 4623.36
364 4623.36
365 4623.36
366 4623.36
367 4623.36
368 4623.36
369 4623.36
370 4623.36
371 4623.36
372 4623.36
373 4623.36
374 4623.36
375 4623.36
376 4623.36
377 4623.36
378 4623.36
379 4623.36
380 4623.36
381 4623.36
382 4623.36
383 4623.36
384 4623.36
385 4623.36
386 4623.36
387 4623.36
388 4623.36
389 4623.36
390 4623.36
391 4623.36
392 4623.36
393 4623.36
394 4623.36
395 4623.36
396 4623.36
397 4623.36
398 4623.36
399 4623.36
400 4623.36
401 4623.36
402 4623.36
403 4623.36
404 4623.36
405 4623.36
406 4623.36
407 4623.36
408 4623.36
409 4623.36
410 4623.36
411 4623.36
412 4623.36
413 4623.36
414 4623.36
415 4623.36
416 4623.36
417 4623.36
418 4623.36
419 4623.36
420 4623.36
421 4623.36
422 4623.36
423 4623.36
424 4623.36
425 4623.36
426 4623.36
427 4623.36
428 4623.36
429 4623.36
430 4623.36
431 4623.36
432 4623.36
433 4623.36
434 4623.36
435 4623.36
436 4623.36
437 4623.36
438 4623.36
439 4623.36
440 4623.36
441 4623.36
442 4623.36
443 4623.36
444 4623.36
445 4623.36
446 4623.36
447 4623.36
448 4623.36
449 4623.36
450 4623.36
451 4623.36
452 4623.36
453 4623.36
454 4623.36
455 4623.36
456 4623.36
457 4623.36
458 4623.36
459 4623.36
460 4623.36
461 4623.36
462 4623.36
463 4623.36
464 4623.36
465 4623.36
466 4623.36
467 4623.36
468 4623.36
469 4623.36
470 4623.36
471 4623.36
472 4623.36
473 4623.36
474 4623.36
475 4623.36
476 4623.36
477 4623.36
478 4623.36
479 4623.36
480 4623.36
481 4623.36
482 4623.36
483 4623.36
484 4623.36
485 4623.36
486 4623.36
487 4623.36
488 4623.36
489 4623.36
490 4623.36
491 4623.36
492 4623.36
493 4623.36
494 4623.36
495 4623.36
496 4623.36
497 4623.36
498 4623.36
499 4623.36
500 4623.36
501 4623.36
502 4623.36
503 4623.36
504 4623.36
505 4623.36
506 4623.36
507 4623.36
508 4623.36
509 4623.36
510 4623.36
511 4623.36
512 4623.36
513 4623.36
514 4623.36
515 4623.36
516 4623.36
517 4623.36
518 4623.36
519 4623.36
520 4623.36
521 4623.36
522 4623.36
523 4623.36
524 4623.36
525 4623.36
526 4623.36
527 4623.36
528 4623.36
529 4623.36
530 4623.36
531 4623.36
532 4623.36
533 4623.36
534 4623.36
535 4623.36
536 4623.36
537 4623.36
538 4623.36
539 4623.36
540 4623.36
541 4623.36
542 4623.36
543 4623.36
544 4623.36
545 4623.36
546 4623.36
547 4623.36
548 4623.36
549 4623.36
550 4623.36
551 4623.36
552 4623.36
553 4623.36
554 4623.36
555 4623.36
556 4623.36
557 4623.36
558 4623.36
559 4623.36
560 4623.36
561 4623.36
562 4623.36
563 4623.36
564 4623.36
565 4623.36
566 4623.36
567 4623.36
568 4623.36
569 4623.36
570 4623.36
571 4623.36
572 4623.36
573 4623.36
574 4623.36
575 4623.36
576 4623.36
577 4623.36
578 4623.36
579 4623.36
580 4623.36
581 4623.36
582 4623.36
583 4623.36
584 4623.36
585 4623.36
586 4623.36
587 4623.36
588 4623.36
589 4623.36
590 4623.36
591 4623.36
592 4623.36
593 4623.36
594 4623.36
595 4623.36
596 4623.36
597 4623.36
598 4623.36
599 4623.36
600 4623.36
601 4623.36
602 4623.36
603 4623.36
604 4623.36
605 4623.36
606 4623.36
607 4623.36
608 4623.36
609 4623.36
610 4623.36
611 4623.36
612 4623.36
613 4623.36
614 4623.36
615 4623.36
616 4623.36
617 4623.36
618 4623.36
619 4623.36
620 4623.36
621 4623.36
622 4623.36
623 4623.36
624 4623.36
625 4623.36
626 4623.36
627 4623.36
628 4623.36
629 4623.36
630 4623.36
631 4623.36
632 4623.36
633 4623.36
634 4623.36
635 4623.36
636 4623.36
637 4623.36
638 4623.36
639 4623.36
640 4623.36
641 4623.36
642 4623.36
643 4623.36
644 4623.36
645 4623.36
646 4623.36
647 4623.36
648 4623.36
649 4623.36
650 4623.36
651 4623.36
652 4623.36
653 4623.36
654 4623.36
655 4623.36
656 4623.36
657 4623.36
658 4623.36
659 4623.36
660 4623.36
661 4623.36
662 4623.36
663 4623.36
664 4623.36
665 4623.36
666 4623.36
667 4623.36
668 4623.36
669 4623.36
670 4623.36
671 4623.36
672 4623.36
673 4623.36
674 4623.36
675 4623.36
676 4623.36
677 4623.36
678 4623.36
679 4623.36
680 4623.36
681 4623.36
682 4623.36
683 4623.36
684 4623.36
685 4623.36
686 4623.36
687 4623.36
688 4623.36
689 4623.36
690 4623.36
691 4623.36
692 4623.36
693 4623.36
694 4623.36
695 4623.36
696 4623.36
697 4623.36
698 4623.36
699 4623.36
700 4623.36
701 4623.36
702 4623.36
703 4623.36
704 4623.36
705 4623.36
706 4623.36
707 4623.36
708 4623.36
709 4623.36
710 4623.36
711 4623.36
712 4623.36
713 4623.36
714 4623.36
715 4623.36
716 4623.36
717 4623.36
718 4623.36
719 4623.36
720 4623.36
721 4623.36
722 4623.36
723 4623.36
724 4623.36
725 4623.36
726 4623.36
727 4623.36
728 4623.36
729 4623.36
730 4623.36
731 4623.36
732 4623.36
733 4623.36
734 4623.36
735 4623.36
736 4623.36
737 4623.36
738 4623.36
739 4623.36
740 4623.36
741 4623.36
742 4623.36
743 4623.36
744 4623.36
745 4623.36
746 4623.36
747 4623.36
748 4623.36
749 4623.36
750 4623.36
751 4623.36
752 4623.36
753 4623.36
754 4623.36
755 4623.36
756 4623.36
757 4623.36
758 4623.36
759 4623.36
760 4623.36
761 4623.36
762 4623.36
763 4623.36
764 4623.36
765 4623.36
766 4623.36
767 4623.36
768 4623.36
769 4623.36
770 4623.36
771 4623.36
772 4623.36
773 4623.36
774 4623.36
775 4623.36
776 4623.36
777 4623.36
778 4623.36
779 4623.36
780 4623.36
781 4623.36
782 4623.36
783 4623.36
784 4623.36
785 4623.36
786 4623.36
787 4623.36
788 4623.36
789 4623.36
790 4623.36
791 4623.36
792 4623.36
793 4623.36
794 4623.36
795 4623.36
796 4623.36
797 4623.36
798 4623.36
799 4623.36
800 4623.36
801 4623.36
802 4623.36
803 4623.36
804 4623.36
805 4623.36
806 4623.36
807 4623.36
808 4623.36
809 4623.36
810 4623.36
811 4623.36
812 4623.36
813 4623.36
814 4623.36
815 4623.36
816 4623.36
817 4623.36
818 4623.36
819 4623.36
820 4623.36
821 4623.36
822 4623.36
823 4623.36
824 4623.36
825 4623.36
826 4623.36
827 4623.36
828 4623.36
829 4623.36
830 4623.36
831 4623.36
832 4623.36
833 4623.36
834 4623.36
835 4623.36
836 4623.36
837 4623.36
838 4623.36
839 4623.36
840 4623.36
841 4623.36
842 4623.36
843 4623.36
844 4623.36
845 4623.36
846 4623.36
847 4623.36
848 4623.36
849 4623.36
850 4623.36
851 4623.36
852 4623.36
853 4623.36
854 4623.36
855 4623.36
856 4623.36
857 4623.36
858 4623.36
859 4623.36
860 4623.36
861 4623.36
862 4623.36
863 4623.36
864 4623.36
865 4623.36
866 4623.36
867 4623.36
868 4623.36
869 4623.36
870 4623.36
871 4623.36
872 4623.36
873 4623.36
874 4623.36
875 4623.36
876 4623.36
877 4623.36
878 4623.36
879 4623.36
880 4623.36
881 4623.36
882 4623.36
883 4623.36
884 4623.36
885 4623.36
886 4623.36
887 4623.36
888 4623.36
889 4623.36
890 4623.36
891 4623.36
892 4623.36
893 4623.36
894 4623.36
895 4623.36
896 4623.36
897 4623.36
898 4623.36
899 4623.36
900 4623.36
901 4623.36
902 4623.36
903 4623.36
904 4623.36
905 4623.36
906 4623.36
907 4623.36
908 4623.36
909 4623.36
910 4623.36
911 4623.36
912 4623.36
913 4623.36
914 4623.36
915 4623.36
916 4623.36
917 4623.36
918 4623.36
919 4623.36
920 4623.36
921 4623.36
922 4623.36
923 4623.36
924 4623.36
925 4623.36
926 4623.36
927 4623.36
928 4623.36
929 4623.36
930 4623.36
931 4623.36
932 4623.36
933 4623.36
934 4623.36
935 4623.36
936 4623.36
937 4623.36
938 4623.36
939 4623.36
940 4623.36
941 4623.36
942 4623.36
943 4623.36
944 4623.36
945 4623.36
946 4623.36
947 4623.36
948 4623.36
949 4623.36
950 4623.36
951 4623.36
952 4623.36
953 4623.36
954 4623.36
955 4623.36
956 4623.36
957 4623.36
958 4623.36
959 4623.36
960 4623.36
961 4623.36
962 4623.36
963 4623.36
964 4623.36
965 4623.36
966 4623.36
967 4623.36
968 4623.36
969 4623.36
970 4623.36
971 4623.36
972 4623.36
973 4623.36
974 4623.36
975 4623.36
976 4623.36
977 4623.36
978 4623.36
979 4623.36
980 4623.36
981 4623.36
982 4623.36
983 4623.36
984 4623.36
985 4623.36
986 4623.36
987 4623.36
988 4623.36
989 4623.36
990 4623.36
991 4623.36
992 4623.36
993 4623.36
994 4623.36
995 4623.36
996 4623.36
997 4623.36
998 4623.36
999 4623.36
1000 4623.36
1001 4623.36
