1 23120
2 22837.7
3 18599.8
4 17798.3
5 17546.2
6 16152.5
7 16152.5
8 15944.9
9 14119.4
10 14040.7
11 13532.9
12 12701.5
13 12206.4
14 11582.7
15 11582.7
16 11307.4
17 10534.8
18 10306.1
19 10156.5
20 9579.23
21 9461.86
22 8989.09
23 8989.09
24 8911.6
25 8516.83
26 8516.83
27 8145.49
28 8011.02
29 7901.18
30 7659.35
31 7341.08
32 7239.63
33 7063.88
34 6970.64
35 6480.74
36 6405.77
37 6147.67
38 6101.87
39 5951.44
40 5951.44
41 5917.4
42 5815.36
43 5815.36
44 5704.38
45 5690.58
46 5670.34
47 5622.13
48 5622.13
49 5609.03
50 5534.67
51 5534.67
52 5521.56
53 5521.56
54 5515.96
55 5504.42
56 5504.34
57 5495.86
58 5460.82
59 5446.27
60 5369.76
61 5369.76
62 5369.76
63 5343.9
64 5336.99
65 5336.99
66 5279.97
67 5279.97
68 5279.97
69 5272.19
70 5272.19
71 5272.19
72 5263.82
73 5244.41
74 5244.41
75 5239.66
76 5236.08
77 5200.95
78 5196.21
79 5192.62
80 5160.55
81 5145.55
82 5145.55
83 5145.13
84 5145.13
85 5133.28
86 5133.28
87 5087.79
88 5087.79
89 5049.94
90 5049.94
91 4954.32
92 4954.32
93 4954.32
94 4944.01
95 4922.46
96 4922.46
97 4916.52
98 4912.15
99 4887.79
100 4877.48
101 4875.86
102 4875.86
103 4875.86
104 4826.17
105 4824.55
106 4824.55
107 4824.55
108 4824.55
109 4824.55
110 4809.87
111 4809.87
112 4809.87
113 4808.39
114 4806.26
115 4804.79
116 4804.79
117 4804.79
118 4804.79
119 4804.79
120 4761.16
121 4761.16
122 4761.16
123 4761.16
124 4761.16
125 4761.16
126 4761.16
127 4758.06
128 4758.06
129 4758.06
130 4758.06
131 4758.06
132 4720.99
133 4720.99
134 4720.99
135 4716.87
136 4716.87
137 4716.87
138 4716.87
139 4716.87
140 4716.87
141 4716.87
142 4716.87
143 4716.87
144 4716.87
145 4716.87
146 4716.87
147 4716.87
148 4716.87
149 4716.87
150 4716.87
151 4716.87
152 4716.87
153 4716.87
154 4716.87
155 4716.87
156 4716.87
157 4716.87
158 4716.87
159 4716.87
160 4705.95
161 4705.95
162 4705.95
163 4705.95
164 4705.95
165 4705.95
166 4705.95
167 4705.95
168 4696.67
169 4696.67
170 4696.67
171 4697.36
172 4697.36
173 4697.36
174 4697.36
175 4694.39
176 4694.39
177 4694.39
178 4694.39
179 4694.39
180 4694.39
181 4694.39
182 4694.39
183 4694.39
184 4694.39
185 4694.39
186 4694.39
187 4694.39
188 4694.39
189 4694.39
190 4694.39
191 4694.39
192 4694.39
193 4694.39
194 4694.39
195 4694.39
196 4694.39
197 4694.39
198 4694.39
199 4694.39
200 4694.39
201 4694.39
202 4692.06
203 4692.06
204 4685.11
205 4685.11
206 4685.11
207 4685.11
208 4685.11
209 4685.11
210 4685.11
211 4671.26
212 4671.26
213 4671.26
214 4671.26
215 4671.26
216 4671.26
217 4671.26
218 4671.26
219 4671.26
220 4668.93
221 4668.93
222 4668.93
223 4668.93
224 4668.93
225 4668.93
226 4668.93
227 4668.93
228 4668.93
229 4668.93
230 4668.93
231 4668.93
232 4668.93
233 4668.93
234 4668.93
235 4668.93
236 4668.93
237 4668.93
238 4668.93
239 4668.93
240 4668.93
241 4668.93
242 4668.93
243 4668.93
244 4668.93
245 4668.93
246 4668.93
247 4668.93
248 4668.93
249 4668.93
250 4668.93
251 4668.93
252 4668.93
253 4668.93
254 4668.93
255 4668.93
256 4668.93
257 4667.8
258 4667.8
259 4667.8
260 4667.8
261 4667.8
262 4667.8
263 4667.8
264 4667.8
265 4667.8
266 4667.8
267 4667.8
268 4667.8
269 4666.04
270 4666.04
271 4666.04
272 4666.04
273 4666.04
274 4666.04
275 4666.04
276 4666.04
277 4666.04
278 4666.04
279 4666.04
280 4666.04
281 4666.04
282 4666.04
283 4666.04
284 4666.04
285 4666.04
286 4666.04
287 4666.04
288 4666.04
289 4666.04
290 4666.04
291 4666.04
292 4666.04
293 4666.04
294 4666.04
295 4666.04
296 4666.04
297 4666.04
298 4666.04
299 4666.04
300 4666.04
301 4666.04
302 4666.04
303 4666.04
304 4666.04
305 4666.04
306 4666.04
307 4666.04
308 4666.04
309 4666.04
310 4666.04
311 4666.04
312 4666.04
313 4666.04
314 4666.04
315 4666.04
316 4666.04
317 4666.04
318 4666.04
319 4666.04
320 4666.04
321 4666.04
322 4666.04
323 4666.04
324 4666.04
325 4666.04
326 4666.04
327 4666.04
328 4666.04
329 4666.04
330 4666.04
331 4666.04
332 4666.04
333 4666.04
334 4666.04
335 4666.04
336 4666.04
337 4666.04
338 4666.04
339 4666.04
340 4666.04
341 4666.04
342 4666.04
343 4666.04
344 4666.04
345 4666.04
346 4666.04
347 4666.04
348 4666.04
349 4666.04
350 4666.04
351 4666.04
352 4666.04
353 4666.04
354 4666.04
355 4666.04
356 4666.04
357 4666.04
358 4666.04
359 4666.04
360 4666.04
361 4666.04
362 4666.04
363 4666.04
364 4666.04
365 4666.04
366 4666.04
367 4666.04
368 4666.04
369 4666.04
370 4666.04
371 4666.04
372 4666.04
373 4666.04
374 4666.04
375 4666.04
376 4666.04
377 4666.04
378 4666.04
379 4666.04
380 4666.04
381 4666.04
382 4666.04
383 4666.04
384 4666.04
385 4666.04
386 4666.04
387 4666.04
388 4666.04
389 4666.04
390 4666.04
391 4666.04
392 4666.04
393 4666.04
394 4666.04
395 4666.04
396 4666.04
397 4666.04
398 4666.04
399 4666.04
400 4666.04
401 4666.04
402 4666.04
403 4666.04
404 4666.04
405 4666.04
406 4666.04
407 4666.04
408 4666.04
409 4666.04
410 4666.04
411 4666.04
412 4666.04
413 4666.04
414 4666.04
415 4666.04
416 4666.04
417 4666.04
418 4666.04
419 4666.04
420 4666.04
421 4666.04
422 4666.04
423 4666.04
424 4666.04
425 4666.04
426 4666.04
427 4666.04
428 4666.04
429 4666.04
430 4666.04
431 4666.04
432 4666.04
433 4666.04
434 4666.04
435 4666.04
436 4666.04
437 4666.04
438 4666.04
439 4666.04
440 4666.04
441 4666.04
442 4666.04
443 4666.04
444 4666.04
445 4666.04
446 4666.04
447 4666.04
448 4666.04
449 4666.04
450 4666.04
451 4666.04
452 4666.04
453 4666.04
454 4666.04
455 4666.04
456 4666.04
457 4666.04
458 4666.04
459 4666.04
460 4666.04
461 4666.04
462 4666.04
463 4666.04
464 4666.04
465 4666.04
466 4666.04
467 4666.04
468 4666.04
469 4666.04
470 4666.04
471 4666.04
472 4666.04
473 4666.04
474 4666.04
475 4666.04
476 4666.04
477 4666.04
478 4666.04
479 4666.04
480 4666.04
481 4666.04
482 4666.04
483 4666.04
484 4666.04
485 4666.04
486 4666.04
487 4666.04
488 4666.04
489 4666.04
490 4666.04
491 4666.04
492 4666.04
493 4666.04
494 4666.04
495 4666.04
496 4666.04
497 4666.04
498 4666.04
499 4666.04
500 4666.04
501 4666.04
502 4666.04
503 4666.04
504 4666.04
505 4666.04
506 4666.04
507 4666.04
508 4666.04
509 4666.04
510 4666.04
511 4666.04
512 4666.04
513 4666.04
514 4666.04
515 4666.04
516 4666.04
517 4666.04
518 4666.04
519 4666.04
520 4666.04
521 4666.04
522 4666.04
523 4666.04
524 4666.04
525 4666.04
526 4666.04
527 4666.04
528 4666.04
529 4666.04
530 4666.04
531 4666.04
532 4666.04
533 4666.04
534 4666.04
535 4666.04
536 4666.04
537 4666.04
538 4666.04
539 4666.04
540 4666.04
541 4666.04
542 4666.04
543 4666.04
544 4666.04
545 4666.04
546 4666.04
547 4666.04
548 4666.04
549 4666.04
550 4666.04
551 4666.04
552 4666.04
553 4666.04
554 4666.04
555 4666.04
556 4666.04
557 4666.04
558 4666.04
559 4666.04
560 4666.04
561 4666.04
562 4666.04
563 4666.04
564 4666.04
565 4666.04
566 4666.04
567 4666.04
568 4666.04
569 4666.04
570 4666.04
571 4666.04
572 4666.04
573 4666.04
574 4666.04
575 4666.04
576 4666.04
577 4666.04
578 4666.04
579 4666.04
580 4666.04
581 4666.04
582 4666.04
583 4666.04
584 4666.04
585 4666.04
586 4666.04
587 4666.04
588 4666.04
589 4666.04
590 4666.04
591 4666.04
592 4666.04
593 4666.04
594 4666.04
595 4666.04
596 4666.04
597 4666.04
598 4666.04
599 4666.04
600 4666.04
601 4666.04
602 4666.04
603 4666.04
604 4666.04
605 4666.04
606 4666.04
607 4666.04
608 4666.04
609 4666.04
610 4666.04
611 4666.04
612 4666.04
613 4666.04
614 4666.04
615 4666.04
616 4666.04
617 4666.04
618 4666.04
619 4666.04
620 4666.04
621 4666.04
622 4666.04
623 4666.04
624 4666.04
625 4666.04
626 4666.04
627 4666.04
628 4666.04
629 4666.04
630 4666.04
631 4666.04
632 4666.04
633 4666.04
634 4666.04
635 4666.04
636 4666.04
637 4666.04
638 4666.04
639 4666.04
640 4666.04
641 4666.04
642 4666.04
643 4666.04
644 4666.04
645 4666.04
646 4666.04
647 4666.04
648 4666.04
649 4666.04
650 4666.04
651 4666.04
652 4666.04
653 4666.04
654 4666.04
655 4666.04
656 4666.04
657 4666.04
658 4666.04
659 4666.04
660 4666.04
661 4666.04
662 4666.04
663 4666.04
664 4666.04
665 4666.04
666 4666.04
667 4666.04
668 4666.04
669 4666.04
670 4666.04
671 4666.04
672 4666.04
673 4666.04
674 4666.04
675 4666.04
676 4666.04
677 4666.04
678 4666.04
679 4666.04
680 4666.04
681 4666.04
682 4666.04
683 4666.04
684 4666.04
685 4666.04
686 4666.04
687 4666.04
688 4666.04
689 4666.04
690 4666.04
691 4666.04
692 4666.04
693 4666.04
694 4666.04
695 4666.04
696 4666.04
697 4666.04
698 4666.04
699 4666.04
700 4666.04
701 4666.04
702 4666.04
703 4666.04
704 4666.04
705 4666.04
706 4666.04
707 4666.04
708 4666.04
709 4666.04
710 4666.04
711 4666.04
712 4666.04
713 4666.04
714 4666.04
715 4666.04
716 4666.04
717 4666.04
718 4666.04
719 4666.04
720 4666.04
721 4666.04
722 4666.04
723 4666.04
724 4666.04
725 4666.04
726 4666.04
727 4666.04
728 4666.04
729 4666.04
730 4666.04
731 4666.04
732 4666.04
733 4666.04
734 4666.04
735 4666.04
736 4666.04
737 4666.04
738 4666.04
739 4666.04
740 4666.04
741 4666.04
742 4666.04
743 4666.04
744 4666.04
745 4666.04
746 4666.04
747 4666.04
748 4666.04
749 4666.04
750 4666.04
751 4666.04
752 4666.04
753 4666.04
754 4666.04
755 4666.04
756 4666.04
757 4666.04
758 4666.04
759 4666.04
760 4666.04
761 4666.04
762 4666.04
763 4666.04
764 4666.04
765 4666.04
766 4666.04
767 4666.04
768 4666.04
769 4666.04
770 4666.04
771 4666.04
772 4666.04
773 4666.04
774 4666.04
775 4666.04
776 4666.04
777 4666.04
778 4666.04
779 4666.04
780 4666.04
781 4666.04
782 4666.04
783 4666.04
784 4666.04
785 4666.04
786 4666.04
787 4666.04
788 4666.04
789 4666.04
790 4666.04
791 4666.04
792 4666.04
793 4666.04
794 4666.04
795 4666.04
796 4666.04
797 4666.04
798 4666.04
799 4666.04
800 4666.04
801 4666.04
802 4666.04
803 4666.04
804 4666.04
805 4666.04
806 4666.04
807 4666.04
808 4666.04
809 4666.04
810 4666.04
811 4666.04
812 4666.04
813 4666.04
814 4666.04
815 4666.04
816 4666.04
817 4666.04
818 4666.04
819 4666.04
820 4666.04
821 4666.04
822 4666.04
823 4666.04
824 4666.04
825 4666.04
826 4666.04
827 4666.04
828 4666.04
829 4666.04
830 4666.04
831 4666.04
832 4666.04
833 4666.04
834 4666.04
835 4666.04
836 4666.04
837 4666.04
838 4666.04
839 4666.04
840 4666.04
841 4666.04
842 4666.04
843 4666.04
844 4666.04
845 4666.04
846 4666.04
847 4666.04
848 4666.04
849 4666.04
850 4666.04
851 4666.04
852 4666.04
853 4666.04
854 4666.04
855 4666.04
856 4666.04
857 4666.04
858 4666.04
859 4666.04
860 4666.04
861 4666.04
862 4666.04
863 4666.04
864 4666.04
865 4666.04
866 4666.04
867 4666.04
868 4666.04
869 4666.04
870 4666.04
871 4666.04
872 4666.04
873 4666.04
874 4666.04
875 4666.04
876 4666.04
877 4666.04
878 4666.04
879 4666.04
880 4666.04
881 4666.04
882 4666.04
883 4666.04
884 4666.04
885 4666.04
886 4666.04
887 4666.04
888 4666.04
889 4666.04
890 4666.04
891 4666.04
892 4666.04
893 4666.04
894 4666.04
895 4666.04
896 4666.04
897 4666.04
898 4666.04
899 4666.04
900 4666.04
901 4666.04
902 4666.04
903 4666.04
904 4666.04
905 4666.04
906 4666.04
907 4666.04
908 4666.04
909 4666.04
910 4666.04
911 4666.04
912 4666.04
913 4666.04
914 4666.04
915 4666.04
916 4666.04
917 4666.04
918 4666.04
919 4666.04
920 4666.04
921 4666.04
922 4666.04
923 4666.04
924 4666.04
925 4666.04
926 4666.04
927 4666.04
928 4666.04
929 4666.04
930 4666.04
931 4666.04
932 4666.04
933 4666.04
934 4666.04
935 4666.04
936 4666.04
937 4666.04
938 4666.04
939 4666.04
940 4666.04
941 4666.04
942 4666.04
943 4666.04
944 4666.04
945 4666.04
946 4666.04
947 4666.04
948 4666.04
949 4666.04
950 4666.04
951 4666.04
952 4666.04
953 4666.04
954 4666.04
955 4666.04
956 4666.04
957 4666.04
958 4666.04
959 4666.04
960 4666.04
961 4666.04
962 4666.04
963 4666.04
964 4666.04
965 4666.04
966 4666.04
967 4666.04
968 4666.04
969 4666.04
970 4666.04
971 4666.04
972 4666.04
973 4666.04
974 4666.04
975 4666.04
976 4666.04
977 4666.04
978 4666.04
979 4666.04
980 4666.04
981 4666.04
982 4666.04
983 4666.04
984 4666.04
985 4666.04
986 4666.04
987 4666.04
988 4666.04
989 4666.04
990 4666.04
991 4666.04
992 4666.04
993 4666.04
994 4666.04
995 4666.04
996 4666.04
997 4666.04
998 4666.04
999 4666.04
1000 4666.04
1001 4666.04
