1 34752.5
2 29838.2
3 25422.5
4 22173.5
5 19826.2
6 18182.9
7 17047.1
8 16465.1
9 15661.7
10 14966.4
11 14431
12 13970.2
13 13520.1
14 13049.4
15 12616
16 12221.8
17 11839.6
18 11448.9
19 11051.5
20 10780.8
21 10426.9
22 10168.7
23 9957
24 9700.92
25 9474.06
26 9203.74
27 8850.21
28 8607.76
29 8462.36
30 8349.47
31 8280.73
32 8196.51
33 8145.17
34 8083.77
35 7981.94
36 7870.22
37 7736.88
38 7628.99
39 7546.12
40 7482.89
41 7397.67
42 7292.58
43 7130.62
44 6941.17
45 6781.91
46 6676.29
47 6602.29
48 6547.49
49 6508.74
50 6464.68
51 6400.65
52 6362.27
53 6334.8
54 6313.19
55 6272.21
56 6244.37
57 6190.62
58 6163.31
59 6127.35
60 6075.27
61 6062.35
62 6032.32
63 5986.97
64 5981.28
65 5962.86
66 5940.93
67 5889.08
68 5766.02
69 5722.6
70 5666.63
71 5590.92
72 5553.92
73 5546.81
74 5539.97
75 5523.84
76 5466.6
77 5391.39
78 5380.56
79 5359.29
80 5312.07
81 5297.88
82 5286.41
83 5279.81
84 5279.44
85 5276.77
86 5262.73
87 5212.57
88 5196.63
89 5191.27
90 5180.17
91 5173.08
92 5155.84
93 5117.15
94 5114.46
95 5111.13
96 5110.77
97 5110.18
98 5110.02
99 5109.88
100 5109.35
101 5107.54
102 5100.72
103 5079.82
104 5079.82
105 5079.82
106 5079.82
107 5079.82
108 5079.8
109 5079.7
110 5079.06
111 5076.4
112 5073.88
113 5073.88
114 5073.68
115 5072.49
116 5064.94
117 5030.92
118 5024.15
119 5023.94
120 5023.05
121 5022.94
122 5022.83
123 5021.96
124 5018.62
125 5014.04
126 4995.55
127 4971.94
128 4971.07
129 4971.07
130 4971.07
131 4971.04
132 4971.04
133 4970.9
134 4970.13
135 4967.01
136 4961.21
137 4956.38
138 4942.45
139 4912.69
140 4911.1
141 4910.91
142 4909.55
143 4903.23
144 4899.36
145 4899.31
146 4899.17
147 4898.83
148 4896.38
149 4887.13
150 4887.13
151 4887.13
152 4887.11
153 4887.03
154 4886.56
155 4886.27
156 4886.27
157 4886.26
158 4886.22
159 4886.01
160 4885
161 4883.62
162 4883.62
163 4883.62
164 4883.6
165 4883.51
166 4883.01
167 4880.92
168 4877.73
169 4870.8
170 4856.28
171 4856.28
172 4856.27
173 4856.2
174 4855.9
175 4854.45
176 4852.44
177 4852.44
178 4852.44
179 4852.39
180 4852.21
181 4851.32
182 4847.1
183 4842.22
184 4841.83
185 4841.19
186 4841.19
187 4841.19
188 4841.19
189 4841.19
190 4841.19
191 4841.19
192 4841.19
193 4841.19
194 4841.05
195 4839.72
196 4832.1
197 4807.78
198 4807.78
199 4807.78
200 4807.6
201 4806.48
202 4800.87
203 4776.64
204 4761.23
205 4761.14
206 4760.5
207 4757.55
208 4742.17
209 4738.49
210 4738.49
211 4738.49
212 4738.49
213 4738.49
214 4738.49
215 4738.49
216 4738.49
217 4738.49
218 4738.49
219 4738.49
220 4738.49
221 4738.49
222 4738.49
223 4738.47
224 4738.47
225 4738.3
226 4737.37
227 4733.92
228 4733.92
229 4733.92
230 4733.92
231 4733.92
232 4733.92
233 4733.92
234 4733.92
235 4733.92
236 4733.91
237 4733.79
238 4733.14
239 4730.5
240 4730.24
241 4730.24
242 4730.24
243 4730.24
244 4730.24
245 4730.24
246 4730.24
247 4730.24
248 4730.24
249 4730.24
250 4730.24
251 4730.24
252 4730.24
253 4730.24
254 4730.24
255 4730.24
256 4730.24
257 4730.24
258 4730.24
259 4730.24
260 4730.24
261 4730.24
262 4730.24
263 4730.24
264 4730.24
265 4730.24
266 4730.24
267 4730.24
268 4730.24
269 4730.24
270 4730.24
271 4730.24
272 4730.24
273 4730.24
274 4730.24
275 4730.24
276 4730.24
277 4730.24
278 4730.24
279 4730.24
280 4730.24
281 4730.24
282 4730.24
283 4730.24
284 4730.24
285 4730.24
286 4730.24
287 4730.24
288 4730.24
289 4730.24
290 4730.24
291 4730.24
292 4730.24
293 4730.24
294 4730.24
295 4730.24
296 4730.24
297 4730.24
298 4730.24
299 4730.24
300 4730.19
301 4730.01
302 4729.22
303 4725.11
304 4718.68
305 4718.68
306 4718.68
307 4718.68
308 4718.68
309 4718.68
310 4718.68
311 4718.68
312 4718.68
313 4718.68
314 4718.68
315 4718.68
316 4718.68
317 4718.66
318 4718.62
319 4718.36
320 4717.29
321 4715.08
322 4715.01
323 4714.67
324 4714.49
325 4714.49
326 4714.49
327 4714.49
328 4714.49
329 4714.49
330 4714.49
331 4714.49
332 4714.49
333 4714.49
334 4714.49
335 4714.49
336 4714.49
337 4714.49
338 4714.49
339 4714.49
340 4714.49
341 4714.49
342 4714.49
343 4714.49
344 4714.49
345 4714.49
346 4714.49
347 4714.49
348 4714.49
349 4714.49
350 4714.49
351 4714.49
352 4714.49
353 4714.49
354 4714.49
355 4714.49
356 4714.49
357 4714.49
358 4714.49
359 4714.49
360 4714.49
361 4714.49
362 4714.49
363 4714.49
364 4714.49
365 4714.49
366 4714.49
367 4714.49
368 4714.49
369 4714.49
370 4714.49
371 4714.49
372 4714.49
373 4714.49
374 4714.49
375 4714.49
376 4714.49
377 4714.48
378 4714.45
379 4714.29
380 4713.54
381 4712.73
382 4712.73
383 4712.73
384 4712.73
385 4712.73
386 4712.73
387 4712.73
388 4712.73
389 4712.73
390 4712.73
391 4712.73
392 4712.73
393 4712.73
394 4712.73
395 4712.73
396 4712.73
397 4712.73
398 4712.73
399 4712.73
400 4712.73
401 4712.73
402 4712.73
403 4712.73
404 4712.73
405 4712.73
406 4712.73
407 4712.73
408 4712.73
409 4712.73
410 4712.73
411 4712.73
412 4712.73
413 4712.73
414 4712.73
415 4712.73
416 4712.73
417 4712.73
418 4712.73
419 4712.73
420 4712.73
421 4712.73
422 4712.73
423 4712.73
424 4712.73
425 4712.73
426 4712.73
427 4712.73
428 4712.73
429 4712.73
430 4712.73
431 4712.73
432 4712.73
433 4712.73
434 4712.73
435 4712.73
436 4712.73
437 4712.73
438 4712.73
439 4712.73
440 4712.73
441 4712.73
442 4712.73
443 4712.73
444 4712.73
445 4712.73
446 4712.73
447 4712.73
448 4712.73
449 4712.73
450 4712.73
451 4712.73
452 4712.73
453 4712.73
454 4712.73
455 4712.73
456 4712.73
457 4712.73
458 4712.73
459 4712.73
460 4712.73
461 4712.73
462 4712.73
463 4712.73
464 4712.73
465 4712.73
466 4712.73
467 4712.73
468 4712.73
469 4712.73
470 4712.73
471 4712.73
472 4712.73
473 4712.73
474 4712.73
475 4712.73
476 4712.73
477 4712.73
478 4712.73
479 4712.73
480 4712.73
481 4712.73
482 4712.73
483 4712.73
484 4712.73
485 4712.73
486 4712.73
487 4712.73
488 4712.73
489 4712.73
490 4712.73
491 4712.73
492 4712.73
493 4712.73
494 4712.73
495 4712.73
496 4712.73
497 4712.73
498 4712.73
499 4712.73
500 4712.73
501 4712.73
502 4712.73
503 4712.73
504 4712.73
505 4712.73
506 4712.73
507 4712.73
508 4712.73
509 4712.73
510 4712.73
511 4712.73
512 4712.73
513 4712.73
514 4712.73
515 4712.73
516 4712.73
517 4712.73
518 4712.73
519 4712.73
520 4712.73
521 4712.73
522 4712.73
523 4712.73
524 4712.73
525 4712.73
526 4712.73
527 4712.73
528 4712.73
529 4712.73
530 4712.73
531 4712.73
532 4712.73
533 4712.73
534 4712.73
535 4712.73
536 4712.73
537 4712.73
538 4712.73
539 4712.73
540 4712.73
541 4712.73
542 4712.73
543 4712.73
544 4712.73
545 4712.73
546 4712.73
547 4712.73
548 4712.73
549 4712.73
550 4712.73
551 4712.73
552 4712.73
553 4712.73
554 4712.73
555 4712.73
556 4712.73
557 4712.73
558 4712.73
559 4712.73
560 4712.73
561 4712.73
562 4712.73
563 4712.73
564 4712.73
565 4712.73
566 4712.73
567 4712.73
568 4712.73
569 4712.73
570 4712.73
571 4712.73
572 4712.73
573 4712.73
574 4712.73
575 4712.73
576 4712.73
577 4712.73
578 4712.73
579 4712.73
580 4712.73
581 4712.73
582 4712.73
583 4712.73
584 4712.73
585 4712.73
586 4712.73
587 4712.73
588 4712.73
589 4712.73
590 4712.73
591 4712.73
592 4712.73
593 4712.73
594 4712.73
595 4712.73
596 4712.73
597 4712.73
598 4712.73
599 4712.73
600 4712.73
601 4712.73
602 4712.73
603 4712.73
604 4712.73
605 4712.73
606 4712.73
607 4712.73
608 4712.73
609 4712.73
610 4712.73
611 4712.73
612 4712.73
613 4712.73
614 4712.73
615 4712.73
616 4712.73
617 4712.73
618 4712.73
619 4712.73
620 4712.73
621 4712.73
622 4712.73
623 4712.73
624 4712.73
625 4712.73
626 4712.73
627 4712.73
628 4712.73
629 4712.73
630 4712.73
631 4712.73
632 4712.73
633 4712.73
634 4712.73
635 4712.73
636 4712.73
637 4712.73
638 4712.73
639 4712.73
640 4712.73
641 4712.55
642 4711.82
643 4708.16
644 4687.5
645 4667.02
646 4667.02
647 4667.02
648 4667.02
649 4667.02
650 4667.02
651 4667.02
652 4667.02
653 4667.02
654 4667.02
655 4667.02
656 4667.02
657 4667.02
658 4667.02
659 4667.02
660 4667.02
661 4667.02
662 4667.02
663 4667.02
664 4667.02
665 4667.02
666 4667.02
667 4667.02
668 4667.02
669 4667.02
670 4667.02
671 4667.02
672 4667.02
673 4667.02
674 4667.02
675 4667.02
676 4667.02
677 4667.02
678 4667.02
679 4667.02
680 4667.02
681 4667.02
682 4667.02
683 4667.02
684 4667.02
685 4667.02
686 4667.02
687 4667.02
688 4667.02
689 4667.02
690 4667.02
691 4667.02
692 4667.02
693 4667.02
694 4667.02
695 4667.02
696 4667.02
697 4667.02
698 4667.02
699 4667.02
700 4667.02
701 4667.02
702 4667.02
703 4667.02
704 4667.02
705 4667.02
706 4667.02
707 4667.02
708 4667.02
709 4667.02
710 4667.02
711 4667.02
712 4667.02
713 4667.02
714 4667.02
715 4667.02
716 4667.02
717 4667.02
718 4667.02
719 4667.02
720 4667.02
721 4667.02
722 4667.02
723 4667.02
724 4667.02
725 4667.02
726 4667.02
727 4667.02
728 4667.02
729 4667.02
730 4667.02
731 4667.02
732 4667.02
733 4667.02
734 4667.02
735 4667.02
736 4667.02
737 4667.02
738 4667.02
739 4667.02
740 4667.02
741 4667.02
742 4667.02
743 4667.02
744 4667.02
745 4667.02
746 4667.02
747 4667.02
748 4667.02
749 4667.02
750 4667.02
751 4667.02
752 4667.02
753 4667.02
754 4667.02
755 4667.02
756 4667.02
757 4667.02
758 4667.02
759 4667.02
760 4667.02
761 4667.02
762 4667.02
763 4667.02
764 4667.02
765 4667.02
766 4667.02
767 4667.02
768 4667.02
769 4667.02
770 4667.02
771 4667.02
772 4667.02
773 4667.02
774 4667.02
775 4667.02
776 4667.02
777 4667.02
778 4667.02
779 4667.02
780 4667.02
781 4667.02
782 4667.02
783 4667.02
784 4667.02
785 4667.02
786 4667.02
787 4667.02
788 4667.02
789 4667.02
790 4667.02
791 4667.02
792 4667.02
793 4667.02
794 4667.02
795 4667.02
796 4667.02
797 4667.02
798 4667.02
799 4667.02
800 4667.02
801 4667.02
802 4667.02
803 4667.02
804 4667.02
805 4667.02
806 4667.02
807 4667.02
808 4667.02
809 4667.02
810 4667.02
811 4667.02
812 4667.02
813 4667.02
814 4667.02
815 4667.02
816 4667.02
817 4667.02
818 4667.02
819 4667.02
820 4667.02
821 4667.02
822 4667.02
823 4667.02
824 4667.02
825 4667.02
826 4667.02
827 4667.02
828 4667.02
829 4667.02
830 4667.02
831 4667.02
832 4667.02
833 4667.02
834 4667.02
835 4667.02
836 4667.02
837 4667.02
838 4667.02
839 4667.02
840 4667.02
841 4667.02
842 4667.02
843 4667.02
844 4667.02
845 4667.02
846 4667.02
847 4667.02
848 4667.02
849 4667.02
850 4667.02
851 4667.02
852 4667.02
853 4667.02
854 4667.02
855 4667.02
856 4667.02
857 4667.02
858 4667.02
859 4667.02
860 4667.02
861 4667.02
862 4667.02
863 4667.02
864 4667.02
865 4667.02
866 4667.02
867 4667.02
868 4667.02
869 4667.02
870 4667.02
871 4667.02
872 4667.02
873 4667.02
874 4667.02
875 4667.02
876 4667.02
877 4667.02
878 4667.02
879 4667.02
880 4667.02
881 4667.02
882 4667.02
883 4667.02
884 4667.02
885 4667.02
886 4667.02
887 4667.02
888 4667.02
889 4667.02
890 4667.02
891 4667.02
892 4667.02
893 4667.02
894 4667.02
895 4667.02
896 4667.02
897 4667.02
898 4667.02
899 4667.02
900 4667.02
901 4667.02
902 4667.02
903 4667.02
904 4667.02
905 4667.02
906 4667.02
907 4667.02
908 4667.02
909 4667.02
910 4667.02
911 4667.02
912 4667.02
913 4667.02
914 4667.02
915 4667.02
916 4667.02
917 4667.02
918 4667.02
919 4667.02
920 4667.02
921 4667.02
922 4667.02
923 4667.02
924 4667.02
925 4667.02
926 4667.02
927 4667.02
928 4667.02
929 4667.02
930 4667.02
931 4667.02
932 4667.02
933 4667.02
934 4667.02
935 4667.02
936 4667.02
937 4667.02
938 4667.02
939 4667.02
940 4667.02
941 4667.02
942 4667.02
943 4667.02
944 4667.02
945 4667.02
946 4667.02
947 4667.02
948 4667.02
949 4667.02
950 4667.02
951 4667.02
952 4667.02
953 4667.02
954 4667.02
955 4667.02
956 4667.02
957 4667.02
958 4667.02
959 4667.02
960 4667.02
961 4667.02
962 4667.02
963 4667.02
964 4667.02
965 4667.02
966 4667.02
967 4667.02
968 4667.02
969 4667.02
970 4667.02
971 4667.02
972 4667.02
973 4667.02
974 4667.02
975 4667.02
976 4667.02
977 4667.02
978 4667.02
979 4667.02
980 4667.02
981 4667.02
982 4667.02
983 4667.02
984 4667.02
985 4667.02
986 4667.02
987 4667.02
988 4667.02
989 4667.02
990 4667.02
991 4667.02
992 4667.02
993 4667.02
994 4667.02
995 4667.02
996 4667.02
997 4667.02
998 4667.02
999 4667.02
1000 4667.02
1001 4667.02
