1 34099.4
2 29340.4
3 26123.5
4 23828
5 21929.7
6 20014.5
7 18012.9
8 16612.3
9 14973
10 13692.6
11 12877.4
12 12533.4
13 12249.4
14 11960.1
15 11536.4
16 10975.4
17 10584.2
18 10285
19 9830.68
20 9361.01
21 9109.49
22 8931.85
23 8770.78
24 8607.61
25 8453.99
26 8310.43
27 8131.74
28 8001.26
29 7907.77
30 7780.05
31 7635.12
32 7522.41
33 7441.41
34 7389.37
35 7317.21
36 7238.72
37 7144.8
38 7056.59
39 6949.28
40 6828.78
41 6726.51
42 6615.08
43 6520.89
44 6442.11
45 6351.08
46 6289.27
47 6226.28
48 6155.93
49 6141.33
50 6107.13
51 6093.14
52 6089.82
53 6077.26
54 6069.51
55 6060.88
56 6049.54
57 6032.87
58 6027.16
59 6022.42
60 6018.21
61 6006.97
62 6001.77
63 5988.12
64 5954.07
65 5911.91
66 5896.81
67 5877.33
68 5862.34
69 5852.45
70 5835.25
71 5817.26
72 5783.8
73 5698.22
74 5661.23
75 5528
76 5496.63
77 5475.83
78 5388.27
79 5363.97
80 5363.78
81 5362.88
82 5359.62
83 5350.14
84 5335.14
85 5322.03
86 5304.59
87 5269.89
88 5260.68
89 5260.68
90 5260.36
91 5258.88
92 5250.09
93 5215.22
94 5183.57
95 5172.19
96 5158.09
97 5142.42
98 5139.58
99 5137.63
100 5130.18
101 5124
102 5113.93
103 5106.73
104 5106.38
105 5104
106 5095.39
107 5093.9
108 5093.77
109 5093.36
110 5091.85
111 5086.16
112 5078.43
113 5078.23
114 5077.7
115 5074.69
116 5063.17
117 5035.49
118 5021.46
119 5021.46
120 5021.45
121 5021.42
122 5021.25
123 5020.34
124 5017.63
125 5015.21
126 5004.82
127 5004.33
128 5004.33
129 5004.33
130 5004.33
131 5003.97
132 5002.17
133 4995.03
134 4957.93
135 4914.3
136 4914.3
137 4914.3
138 4914.3
139 4914.3
140 4914.3
141 4914.3
142 4914.3
143 4914.3
144 4914.3
145 4914.3
146 4914.3
147 4914.3
148 4914.3
149 4914.3
150 4914.3
151 4914.3
152 4914.3
153 4914.3
154 4914.3
155 4914.3
156 4914.3
157 4914.3
158 4914.3
159 4914.3
160 4914.3
161 4914.3
162 4914.3
163 4914.3
164 4914.3
165 4914.3
166 4914.27
167 4914.18
168 4913.45
169 4910.04
170 4906.69
171 4906.69
172 4906.69
173 4906.69
174 4906.69
175 4906.69
176 4906.69
177 4906.69
178 4906.69
179 4906.69
180 4906.69
181 4906.69
182 4906.69
183 4906.69
184 4906.67
185 4906.44
186 4905.25
187 4897.22
188 4873.77
189 4872.61
190 4872.61
191 4872.45
192 4871.79
193 4867.99
194 4851.94
195 4843.18
196 4840.37
197 4831.07
198 4831.07
199 4831.07
200 4831.07
201 4831.07
202 4831.07
203 4831.07
204 4831.07
205 4831.07
206 4830.94
207 4830.27
208 4827.36
209 4814.26
210 4797.61
211 4797.61
212 4797.61
213 4797.61
214 4797.61
215 4797.61
216 4797.61
217 4797.61
218 4797.61
219 4797.61
220 4797.61
221 4797.61
222 4797.61
223 4797.61
224 4797.61
225 4797.61
226 4797.61
227 4797.61
228 4797.61
229 4797.61
230 4797.61
231 4797.61
232 4797.61
233 4797.61
234 4797.61
235 4797.61
236 4797.61
237 4797.61
238 4797.61
239 4797.61
240 4797.61
241 4797.61
242 4797.61
243 4797.61
244 4797.61
245 4797.61
246 4797.61
247 4797.61
248 4797.61
249 4797.61
250 4797.61
251 4797.61
252 4797.61
253 4797.61
254 4797.61
255 4797.61
256 4797.61
257 4797.61
258 4797.61
259 4797.61
260 4797.61
261 4797.57
262 4797.49
263 4796.93
264 4794.67
265 4786.48
266 4782.97
267 4782.01
268 4782.01
269 4782.01
270 4782.01
271 4782.01
272 4782.01
273 4782.01
274 4782.01
275 4782.01
276 4782.01
277 4782.01
278 4782.01
279 4782.01
280 4782.01
281 4782.01
282 4782.01
283 4782.01
284 4782.01
285 4782.01
286 4782.01
287 4782.01
288 4782.01
289 4782.01
290 4782.01
291 4782.01
292 4782.01
293 4782.01
294 4782.01
295 4782.01
296 4782.01
297 4782.01
298 4782.01
299 4782.01
300 4782.01
301 4782.01
302 4782.01
303 4782.01
304 4782.01
305 4782.01
306 4782.01
307 4782.01
308 4782.01
309 4782.01
310 4782.01
311 4782.01
312 4782.01
313 4782.01
314 4782.01
315 4782.01
316 4782.01
317 4782.01
318 4782.01
319 4782.01
320 4782.01
321 4782.01
322 4782.01
323 4782.01
324 4782.01
325 4781.99
326 4781.97
327 4781.73
328 4780.77
329 4778.82
330 4778.82
331 4778.82
332 4778.82
333 4778.82
334 4778.82
335 4778.82
336 4778.82
337 4778.82
338 4778.82
339 4778.82
340 4778.82
341 4778.82
342 4778.82
343 4778.82
344 4778.82
345 4778.82
346 4778.82
347 4778.82
348 4778.82
349 4778.82
350 4778.82
351 4778.82
352 4778.82
353 4778.82
354 4778.82
355 4778.82
356 4778.82
357 4778.82
358 4778.82
359 4778.82
360 4778.82
361 4778.82
362 4778.82
363 4778.82
364 4778.82
365 4778.82
366 4778.82
367 4778.82
368 4778.82
369 4778.82
370 4778.82
371 4778.82
372 4778.82
373 4778.82
374 4778.82
375 4778.82
376 4778.82
377 4778.82
378 4778.82
379 4778.82
380 4778.82
381 4778.82
382 4778.82
383 4778.82
384 4778.82
385 4778.82
386 4778.82
387 4778.82
388 4778.82
389 4778.82
390 4778.82
391 4778.82
392 4778.82
393 4778.82
394 4778.82
395 4778.82
396 4778.82
397 4778.82
398 4778.82
399 4778.82
400 4778.82
401 4778.82
402 4778.82
403 4778.82
404 4778.82
405 4778.82
406 4778.82
407 4778.82
408 4778.82
409 4778.82
410 4778.82
411 4778.82
412 4778.82
413 4778.82
414 4778.82
415 4778.82
416 4778.82
417 4778.82
418 4778.82
419 4778.82
420 4778.82
421 4778.82
422 4778.82
423 4778.82
424 4778.82
425 4778.82
426 4778.81
427 4778.79
428 4778.64
429 4777.89
430 4776.95
431 4776.95
432 4776.95
433 4776.95
434 4776.95
435 4776.95
436 4776.95
437 4776.95
438 4776.95
439 4776.95
440 4776.95
441 4776.95
442 4776.95
443 4776.95
444 4776.95
445 4776.95
446 4776.95
447 4776.95
448 4776.95
449 4776.95
450 4776.95
451 4776.95
452 4776.95
453 4776.95
454 4776.95
455 4776.95
456 4776.95
457 4776.95
458 4776.95
459 4776.95
460 4776.95
461 4776.95
462 4776.95
463 4776.95
464 4776.95
465 4776.95
466 4776.95
467 4776.95
468 4776.95
469 4776.95
470 4776.95
471 4776.95
472 4776.94
473 4776.92
474 4776.81
475 4776.29
476 4774.53
477 4774.33
478 4774.33
479 4774.33
480 4774.33
481 4774.33
482 4774.33
483 4774.33
484 4774.33
485 4774.33
486 4774.33
487 4774.33
488 4774.33
489 4774.33
490 4774.33
491 4774.33
492 4774.33
493 4774.33
494 4774.33
495 4774.33
496 4774.33
497 4774.33
498 4774.33
499 4774.33
500 4774.33
501 4774.33
502 4774.33
503 4774.33
504 4774.33
505 4774.33
506 4774.33
507 4774.33
508 4774.33
509 4774.33
510 4774.33
511 4774.33
512 4774.33
513 4774.33
514 4774.33
515 4774.33
516 4774.33
517 4774.33
518 4774.33
519 4774.33
520 4774.33
521 4774.33
522 4774.33
523 4774.33
524 4774.33
525 4774.33
526 4774.33
527 4774.33
528 4774.33
529 4774.33
530 4774.33
531 4774.33
532 4774.33
533 4774.33
534 4774.33
535 4774.33
536 4774.33
537 4774.33
538 4774.33
539 4774.33
540 4774.33
541 4774.33
542 4774.33
543 4774.33
544 4774.33
545 4774.33
546 4774.33
547 4774.33
548 4774.33
549 4774.33
550 4774.33
551 4774.33
552 4774.33
553 4774.33
554 4774.33
555 4774.33
556 4774.33
557 4774.33
558 4774.33
559 4774.33
560 4774.33
561 4774.33
562 4774.33
563 4774.33
564 4774.33
565 4774.33
566 4774.33
567 4774.33
568 4774.33
569 4774.33
570 4774.33
571 4774.33
572 4774.33
573 4774.33
574 4774.33
575 4774.33
576 4774.33
577 4774.33
578 4774.33
579 4774.33
580 4774.33
581 4774.33
582 4774.33
583 4774.33
584 4774.33
585 4774.33
586 4774.33
587 4774.33
588 4774.33
589 4774.33
590 4774.33
591 4774.33
592 4774.33
593 4774.33
594 4774.33
595 4774.33
596 4774.33
597 4774.33
598 4774.33
599 4774.33
600 4774.33
601 4774.33
602 4774.33
603 4774.33
604 4774.33
605 4774.33
606 4774.33
607 4774.33
608 4774.33
609 4774.33
610 4774.33
611 4774.33
612 4774.33
613 4774.33
614 4774.33
615 4774.33
616 4774.33
617 4774.33
618 4774.33
619 4774.33
620 4774.33
621 4774.33
622 4774.33
623 4774.33
624 4774.33
625 4774.33
626 4774.33
627 4774.33
628 4774.33
629 4774.33
630 4774.33
631 4774.33
632 4774.33
633 4774.33
634 4774.33
635 4774.33
636 4774.33
637 4774.33
638 4774.33
639 4774.33
640 4774.33
641 4774.33
642 4774.33
643 4774.33
644 4774.33
645 4774.33
646 4774.33
647 4774.33
648 4774.33
649 4774.33
650 4774.33
651 4774.33
652 4774.33
653 4774.33
654 4774.33
655 4774.33
656 4774.33
657 4774.33
658 4774.33
659 4774.33
660 4774.33
661 4774.33
662 4774.33
663 4774.33
664 4774.33
665 4774.33
666 4774.33
667 4774.33
668 4774.33
669 4774.33
670 4774.33
671 4774.33
672 4774.33
673 4774.33
674 4774.33
675 4774.33
676 4774.33
677 4774.33
678 4774.33
679 4774.33
680 4774.33
681 4774.33
682 4774.33
683 4774.33
684 4774.33
685 4774.33
686 4774.33
687 4774.33
688 4774.33
689 4774.33
690 4774.33
691 4774.33
692 4774.33
693 4774.33
694 4774.33
695 4774.33
696 4774.33
697 4774.33
698 4774.33
699 4774.33
700 4774.33
701 4774.33
702 4774.33
703 4774.33
704 4774.33
705 4774.33
706 4774.33
707 4774.33
708 4774.33
709 4774.33
710 4774.33
711 4774.33
712 4774.33
713 4774.33
714 4774.33
715 4774.33
716 4774.33
717 4774.33
718 4774.33
719 4774.33
720 4774.33
721 4774.33
722 4774.33
723 4774.33
724 4774.33
725 4774.33
726 4774.33
727 4774.33
728 4774.33
729 4774.33
730 4774.33
731 4774.33
732 4774.33
733 4774.33
734 4774.33
735 4774.33
736 4774.33
737 4774.33
738 4774.33
739 4774.33
740 4774.33
741 4774.33
742 4774.33
743 4774.33
744 4774.33
745 4774.33
746 4774.33
747 4774.33
748 4774.33
749 4774.33
750 4774.33
751 4774.33
752 4774.33
753 4774.33
754 4774.33
755 4774.33
756 4774.33
757 4774.33
758 4774.33
759 4774.33
760 4774.33
761 4774.33
762 4774.33
763 4774.33
764 4774.33
765 4774.33
766 4774.33
767 4774.33
768 4774.33
769 4774.33
770 4774.33
771 4774.33
772 4774.33
773 4774.33
774 4774.33
775 4774.33
776 4774.33
777 4774.33
778 4774.33
779 4774.33
780 4774.33
781 4774.33
782 4774.33
783 4774.33
784 4774.33
785 4774.33
786 4774.33
787 4774.33
788 4774.33
789 4774.33
790 4774.33
791 4774.33
792 4774.33
793 4774.33
794 4774.33
795 4774.33
796 4774.33
797 4774.33
798 4774.33
799 4774.33
800 4774.33
801 4774.33
802 4774.33
803 4774.33
804 4774.33
805 4774.33
806 4774.33
807 4774.33
808 4774.33
809 4774.33
810 4774.33
811 4774.33
812 4774.33
813 4774.33
814 4774.33
815 4774.33
816 4774.33
817 4774.33
818 4774.33
819 4774.33
820 4774.33
821 4774.33
822 4774.33
823 4774.33
824 4774.33
825 4774.33
826 4774.33
827 4774.33
828 4774.33
829 4774.33
830 4774.33
831 4774.33
832 4774.33
833 4774.33
834 4774.33
835 4774.33
836 4774.33
837 4774.33
838 4774.33
839 4774.33
840 4774.33
841 4774.33
842 4774.33
843 4774.33
844 4774.33
845 4774.33
846 4774.33
847 4774.33
848 4774.33
849 4774.33
850 4774.33
851 4774.33
852 4774.33
853 4774.33
854 4774.33
855 4774.33
856 4774.33
857 4774.33
858 4774.33
859 4774.33
860 4774.33
861 4774.33
862 4774.33
863 4774.33
864 4774.33
865 4774.33
866 4774.33
867 4774.33
868 4774.33
869 4774.33
870 4774.33
871 4774.33
872 4774.33
873 4774.33
874 4774.33
875 4774.33
876 4774.33
877 4774.33
878 4774.33
879 4774.33
880 4774.33
881 4774.33
882 4774.33
883 4774.33
884 4774.33
885 4774.33
886 4774.33
887 4774.33
888 4774.33
889 4774.33
890 4774.33
891 4774.33
892 4774.33
893 4774.33
894 4774.33
895 4774.33
896 4774.33
897 4774.33
898 4774.33
899 4774.33
900 4774.33
901 4774.33
902 4774.33
903 4774.33
904 4774.33
905 4774.33
906 4774.33
907 4774.33
908 4774.33
909 4774.33
910 4774.33
911 4774.33
912 4774.33
913 4774.33
914 4774.33
915 4774.33
916 4774.33
917 4774.33
918 4774.33
919 4774.33
920 4774.33
921 4774.33
922 4774.33
923 4774.33
924 4774.33
925 4774.33
926 4774.33
927 4774.33
928 4774.33
929 4774.33
930 4774.33
931 4774.33
932 4774.33
933 4774.33
934 4774.33
935 4774.33
936 4774.33
937 4774.33
938 4774.33
939 4774.33
940 4774.33
941 4774.33
942 4774.33
943 4774.33
944 4774.33
945 4774.33
946 4774.33
947 4774.33
948 4774.33
949 4774.33
950 4774.33
951 4774.33
952 4774.33
953 4774.33
954 4774.33
955 4774.33
956 4774.33
957 4774.33
958 4774.33
959 4774.33
960 4774.33
961 4774.33
962 4774.33
963 4774.33
964 4774.33
965 4774.33
966 4774.33
967 4774.33
968 4774.33
969 4774.33
970 4774.33
971 4774.33
972 4774.33
973 4774.33
974 4774.33
975 4774.33
976 4774.33
977 4774.33
978 4774.33
979 4774.33
980 4774.33
981 4774.33
982 4774.33
983 4774.33
984 4774.33
985 4774.33
986 4774.33
987 4774.33
988 4774.33
989 4774.33
990 4774.33
991 4774.33
992 4774.33
993 4774.33
994 4774.33
995 4774.33
996 4774.33
997 4774.33
998 4774.33
999 4774.33
1000 4774.33
1001 4774.33
