-0.254392
-0.309063
-0.331831
-0.347708
-0.408318
-0.372979
-0.39886
-0.32819
-0.391091
-0.435353
-0.446632
-0.447513
-0.449505
-0.462188
-0.464828
-0.437629
-0.457127
-0.474528
-0.474387
-0.502978
-0.559063
-0.481627
-0.458149
-0.398926
-0.348965
-0.331923
-0.372527
-0.380971
-0.276007
-0.367202
-0.42055
-0.387985
-0.385883
-0.42711
-0.443403
-0.400177
-0.344126
-0.397627
-0.421672
-0.436152
-0.394945
-0.45719
-0.422958
-0.396004
-0.405709
-0.429264
-0.492794
-0.433224
-0.439525
-0.505037
-0.50454
-0.362956
-0.416785
-0.423192
-0.326298
-0.347833
-0.421634
-0.392562
-0.391389
-0.390101
-0.399932
-0.390583
-0.388674
-0.401185
-0.409318
-0.40986
-0.355187
-0.415517
-0.478665
-0.416815
-0.42752
-0.405623
-0.403
-0.369125
-0.378882
-0.42372
-0.444868
-0.400363
-0.448299
-0.421404
-0.378999
-0.303674
-0.3059
-0.318923
-0.381976
-0.443456
-0.461949
-0.44208
-0.323987
-0.301674
-0.318463
-0.352506
-0.360927
-0.334699
-0.302059
-0.3478
-0.306796
-0.324377
-0.335703
-0.336185
-0.3637
-0.33936
-0.414062
-0.391926
-0.376358
-0.438324
-0.391414
-0.462774
-0.418559
-0.370739
-0.400826
-0.414637
-0.450668
-0.488436
-0.422411
-0.433996
-0.372067
-0.411678
-0.425877
-0.42461
-0.440003
-0.425371
-0.453944
-0.452322
-0.411237
-0.341914
-0.344756
-0.419761
-0.418683
-0.42947
-0.340155
-0.335395
-0.389167
-0.354432
-0.343164
-0.351329
-0.372901
-0.414458
-0.408808
-0.429168
-0.366956
-0.350972
-0.43776
-0.40633
-0.428231
-0.422627
-0.409705
-0.418764
-0.417255
-0.405448
-0.414398
-0.43568
-0.433464
-0.459889
-0.437137
-0.492635
-0.511981
-0.449175
-0.463854
-0.431248
-0.449069
-0.522696
-0.508041
-0.457714
-0.427404
-0.447605
-0.491703
-0.442285
-0.401592
-0.377527
-0.3584
-0.373664
-0.358247
-0.356596
-0.309112
-0.336977
-0.334488
-0.314005
-0.360621
-0.317667
-0.33818
-0.339902
-0.353241
-0.37749
-0.389629
-0.345172
-0.411802
-0.408302
-0.310246
-0.339411
-0.344871
-0.453967
-0.401979
-0.337532
-0.383469
-0.398672
-0.366578
-0.425268
-0.416139
-0.404045
-0.408031
-0.395913
-0.40566
-0.446266
-0.449796
-0.458474
-0.430096
-0.395405
-0.39178
-0.445193
-0.442094
-0.433049
-0.482056
-0.411213
-0.463756
-0.394009
-0.416847
-0.43822
-0.44033
-0.47089
-0.493886
-0.419722
-0.430824
-0.445468
-0.471283
-0.467453
-0.43836
-0.418603
-0.469721
-0.43382
-0.489319
-0.45365
-0.470435
-0.497662
-0.351602
-0.454391
-0.517612
-0.453895
-0.414071
-0.368551
-0.459228
-0.433329
-0.424291
-0.396201
-0.414915
-0.394247
-0.389801
-0.401851
-0.430851
-0.370043
-0.40472
-0.380229
-0.385313
-0.419933
-0.375045
-0.386989
-0.339327
-0.370045
-0.428164
-0.459231
-0.457148
-0.399628
-0.431583
-0.392568
-0.368816
-0.351969
-0.406221
-0.434428
-0.431582
-0.395952
-0.394039
-0.388479
-0.367012
-0.359068
-0.390654
-0.36217
-0.417852
-0.427879
-0.396614
-0.381567
-0.417049
-0.393164
-0.398201
-0.371449
-0.399469
-0.353651
-0.340033
-0.32494
-0.367611
-0.371513
-0.376425
-0.346871
-0.4223
-0.445707
-0.507671
-0.548494
-0.580935
-0.483709
-0.464649
-0.456602
-0.428454
-0.430561
-0.429926
-0.358559
-0.357039
-0.370743
-0.352221
-0.42482
-0.460687
-0.440603
-0.500125
-0.50189
-0.45556
-0.401401
-0.416382
-0.419545
-0.422388
-0.481021
-0.407636
-0.393367
-0.38104
-0.476175
-0.474542
-0.40254
-0.48864
-0.379004
-0.440118
-0.451763
-0.406669
-0.389423
-0.365693
-0.392811
-0.356487
-0.315229
-0.354018
-0.371582
-0.360907
-0.358003
-0.438472
-0.347499
-0.32265
-0.351477
-0.334606
-0.329122
-0.342821
-0.41722
-0.356166
-0.393111
-0.377526
-0.40751
-0.444934
-0.42465
-0.391245
-0.485252
-0.550887
-0.521271
-0.498958
-0.52753
-0.454357
-0.432806
-0.451927
-0.449061
-0.476983
-0.392298
-0.475969
-0.428407
-0.417873
-0.437709
-0.465754
-0.463445
-0.513404
-0.435011
-0.461292
-0.462318
-0.345517
-0.369562
-0.431765
-0.41968
-0.422285
-0.447579
-0.40301
-0.462419
-0.435942
-0.441525
-0.435157
-0.420548
-0.374171
-0.454984
-0.420001
-0.373764
-0.383456
-0.382488
-0.420618
-0.418696
-0.425109
-0.402997
-0.389467
-0.398706
-0.439911
-0.39316
-0.324334
-0.345188
-0.431039
-0.460561
-0.405069
-0.376004
-0.407164
-0.329217
-0.36459
-0.377216
-0.339141
-0.381656
-0.380525
-0.382943
-0.35953
-0.355498
-0.387534
-0.344684
-0.399987
-0.462658
-0.395175
-0.382594
-0.382789
-0.400015
-0.432748
-0.375979
-0.33198
-0.408488
-0.495498
-0.501326
-0.505385
-0.531178
-0.554821
-0.527493
-0.517869
-0.398929
-0.399351
-0.401587
-0.416186
-0.473378
-0.417357
-0.445682
-0.45124
-0.49078
-0.480376
-0.467244
-0.458904
-0.428501
-0.373877
-0.452476
-0.38732
-0.437866
-0.413111
-0.405238
-0.359423
-0.426602
-0.462313
-0.433848
-0.436625
-0.39202
-0.373354
-0.378345
-0.482191
-0.494107
-0.399397
-0.39275
-0.432795
-0.452388
-0.481536
-0.437481
-0.325333
-0.386127
-0.413088
-0.464145
-0.430674
-0.350692
-0.370497
-0.378827
-0.375335
-0.356371
-0.375376
-0.403897
-0.321049
-0.337894
-0.418408
-0.467635
-0.412835
-0.37661
-0.368469
-0.357249
-0.421129
-0.445852
-0.497081
-0.454405
-0.483142
-0.363593
-0.405584
-0.40443
-0.417388
-0.356388
-0.388976
-0.367664
-0.380415
-0.395974
-0.418649
-0.448084
-0.448666
-0.397667
-0.353856
-0.396097
-0.432475
-0.394026
-0.353123
-0.397775
-0.36246
-0.375663
-0.39737
-0.359553
-0.399416
-0.372195
-0.376563
-0.425261
-0.437527
-0.450402
-0.414134
-0.385544
-0.410368
-0.404057
-0.365136
-0.334481
-0.3573
-0.367197
-0.413443
-0.411094
-0.380421
-0.292295
-0.378817
-0.412354
-0.395787
-0.412244
-0.376691
-0.339505
-0.360676
-0.45387
-0.358562
-0.384642
-0.358782
-0.429574
-0.446935
-0.504039
-0.465306
-0.480413
-0.476583
-0.422169
-0.45334
-0.494105
-0.51137
-0.475769
-0.450502
-0.475491
-0.422483
-0.425349
-0.423697
-0.463673
-0.435745
-0.378757
-0.421408
-0.35035
-0.41471
-0.382223
-0.404464
-0.442084
-0.472411
-0.47522
-0.48207
-0.474028
-0.428032
-0.408057
-0.383715
-0.368083
-0.377089
-0.37449
-0.323118
-0.362261
-0.371639
-0.422011
-0.446399
-0.365922
-0.348437
-0.362531
-0.42131
-0.381016
-0.358758
-0.399293
-0.376279
-0.41286
-0.446107
-0.280238
-0.428931
-0.452064
-0.494265
-0.427658
-0.381478
-0.407715
-0.368371
-0.378929
-0.402734
-0.402235
-0.426397
-0.378981
-0.376776
-0.417219
-0.355706
-0.350528
-0.354259
-0.385987
-0.434725
-0.371764
-0.329536
-0.363457
-0.332031
-0.345696
-0.355544
-0.422884
-0.373488
-0.405065
-0.364398
-0.364697
-0.443993
-0.441524
-0.397529
-0.423112
-0.437441
-0.428617
-0.356746
-0.426135
-0.468352
-0.475057
-0.383198
-0.375072
-0.436097
-0.396098
-0.392742
-0.500171
-0.506683
-0.464941
-0.37878
-0.397904
-0.431522
-0.469226
-0.418636
-0.363609
-0.396944
-0.413609
-0.415353
-0.448571
-0.354102
-0.375799
-0.374779
-0.408348
-0.465717
-0.466191
-0.402186
-0.411741
-0.404426
-0.372873
-0.363166
-0.391928
-0.345455
-0.385127
-0.40632
-0.417253
-0.386031
-0.443531
-0.515939
-0.498584
-0.457271
-0.527193
-0.578198
-0.585135
-0.53564
-0.585813
-0.503983
-0.463144
-0.413481
-0.479138
-0.425699
-0.453812
-0.360208
-0.411222
-0.525412
-0.560996
-0.464736
-0.399071
-0.493653
-0.437438
-0.409208
-0.414995
-0.427544
-0.37648
-0.367543
-0.382457
-0.30302
-0.33451
-0.359435
-0.396903
-0.411418
-0.422365
-0.395822
-0.324097
-0.235268
-0.258572
-0.405623
-0.362731
-0.336341
-0.308257
-0.311508
-0.322635
-0.343899
-0.353597
-0.41733
-0.405807
-0.340516
-0.382521
-0.384291
-0.345499
-0.293071
-0.327832
-0.339582
-0.378085
-0.382976
-0.38387
-0.353551
-0.339713
-0.342933
-0.361834
-0.314473
-0.299853
-0.303163
-0.41607
-0.38706
-0.421008
-0.34266
-0.353815
-0.360257
-0.376757
-0.340232
-0.414786
-0.393376
-0.35005
-0.437821
-0.37759
-0.297748
-0.33307
-0.420486
-0.416758
-0.409039
-0.444286
-0.428911
-0.365874
-0.449842
-0.473283
-0.420812
-0.458502
-0.440884
-0.397341
-0.475402
-0.462145
-0.489106
-0.497321
-0.463819
-0.409032
-0.408511
-0.430153
-0.312245
-0.397924
-0.378674
-0.306834
-0.308454
-0.300002
-0.401106
-0.382953
-0.386247
-0.394427
-0.375922
-0.324889
-0.406381
-0.380504
-0.353502
-0.415044
-0.39427
-0.383929
-0.357538
-0.377936
-0.427087
-0.361492
-0.260979
-0.299111
-0.313012
-0.334233
-0.405067
-0.417379
-0.382898
-0.355174
-0.438336
-0.432281
-0.478093
-0.512129
-0.526807
-0.530779
-0.51699
-0.549042
-0.496854
-0.493041
-0.456679
-0.486962
-0.430649
-0.421979
-0.438405
-0.41675
-0.42689
-0.36105
-0.389031
-0.4488
-0.448243
-0.466142
-0.389288
-0.468433
-0.455485
-0.424931
-0.399364
-0.401141
-0.451461
-0.497865
-0.491981
-0.514009
-0.477719
-0.468516
-0.432528
-0.39886
-0.397463
-0.350484
-0.329769
-0.294285
-0.392339
-0.408094
-0.331582
-0.351031
-0.428294
-0.411477
-0.508872
-0.46496
-0.437201
-0.483377
-0.411335
-0.411025
-0.441528
-0.463031
-0.47989
-0.371437
-0.359885
-0.4344
-0.363551
-0.341693
-0.390524
-0.43475
-0.427268
-0.467496
-0.42095
-0.45966
-0.398948
-0.399264
-0.388467
-0.406542
-0.373171
-0.423832
-0.434146
-0.490131
-0.472635
-0.507511
-0.504653
-0.50055
-0.466586
-0.453211
-0.397609
-0.360698
-0.38232
-0.330827
-0.387814
-0.448551
-0.467403
-0.493953
-0.478279
-0.418619
-0.434512
-0.465635
-0.446412
-0.494797
-0.470033
-0.543372
-0.37709
-0.502663
-0.492072
-0.451659
-0.446261
-0.397376
-0.370733
-0.378972
-0.394881
-0.391629
-0.392662
-0.483842
-0.420341
-0.403704
-0.455772
-0.414001
-0.387836
-0.39598
-0.339842
-0.348512
-0.390449
-0.412484
-0.413742
-0.362123
-0.463241
-0.466201
-0.472234
-0.462465
-0.366683
-0.385427
-0.412672
-0.312102
-0.39217
-0.407003
-0.329784
-0.390376
-0.409359
-0.467648
-0.507232
-0.39904
-0.402951
-0.428688
-0.423437
-0.439195
-0.388455
-0.410046
-0.321495
-0.329813
-0.346626
-0.336883
-0.327655
-0.378072
-0.466569
-0.381412
-0.373069
-0.439784
-0.433871
-0.479206
-0.464164
-0.402078
-0.432882
-0.429192
-0.483852
-0.426421
-0.431253
-0.443101
-0.397474
-0.417442
-0.497111
-0.42923
-0.376928
-0.427109
-0.386908
-0.367757
-0.379382
-0.369926
-0.422007
-0.409186
-0.469258
-0.473959
-0.419585
-0.433673
-0.405372
-0.448584
-0.37059
-0.35689
-0.394431
-0.371706
-0.332188
-0.40524
-0.377376
-0.443079
-0.428275
-0.418165
-0.454634
-0.482574
-0.440322
-0.395593
-0.366612
-0.403566
-0.37366
-0.358675
-0.324287
-0.384766
-0.345434
-0.425238
-0.380662
-0.439863
-0.423869
-0.426457
-0.413376
-0.450875
-0.410077
-0.335827
-0.328033
-0.327221
-0.313218
-0.340689
-0.362512
-0.257606
-0.363203
-0.400445
-0.374889
-0.355071
-0.28053
-0.330189
-0.342619
-0.364703
-0.369368
-0.38791
-0.395276
-0.3909
-0.37646
-0.386253
-0.389701
-0.330064
-0.324301
-0.254026
-0.331488
-0.26434
-0.325294
-0.389597
-0.442003
-0.486399
-0.501049
-0.443487
-0.357859
-0.355174
-0.384258
-0.399648
-0.412015
-0.443558
-0.380036
-0.378915
-0.367759
-0.316432
-0.35457
-0.386245
-0.427016
-0.365728
-0.425947
-0.41117
-0.445363
-0.435663
-0.520565
-0.480642
-0.510548
-0.482897
-0.439143
-0.446115
-0.412373
-0.379637
-0.355353
-0.35199
-0.353401
-0.398333
-0.397191
-0.346251
-0.340192
-0.386239
-0.461009
-0.439813
-0.394749
-0.383067
-0.345994
-0.359705
-0.347725
-0.390852
-0.37877
-0.351528
-0.364989
-0.340405
-0.361966
-0.37219
-0.410378
-0.371129
-0.351382
-0.358587
-0.414967
-0.399456
-0.440327
-0.376168
-0.319902
-0.346579
-0.348413
-0.399214
-0.428028
-0.497372
-0.381018
-0.417529
-0.404755
-0.426076
-0.449926
-0.394835
-0.458412
-0.502185
-0.455102
-0.483436
-0.486121
-0.436127
-0.453208
-0.374735
-0.417461
-0.441711
-0.417185
-0.440285
-0.49151
-0.428556
-0.413968
-0.407449
-0.379636
-0.488508
-0.419667
-0.423197
-0.407083
-0.42277
-0.495727
-0.555669
-0.48898
-0.474022
-0.47767
-0.406348
-0.402724
-0.364883
-0.328361
-0.374753
-0.416141
-0.396852
-0.35397
-0.404018
-0.377901
-0.419763
-0.486566
-0.468762
-0.468141
-0.49067
-0.39301
-0.387537
-0.45907
-0.44542
-0.399378
-0.483172
-0.444605
-0.463815
-0.405971
-0.399243
-0.3738
-0.398676
-0.404187
-0.417749
-0.404721
-0.358467
-0.31302
-0.390237
-0.42062
-0.438376
-0.46502
-0.430849
-0.4348
-0.437337
-0.458902
-0.387797
-0.351323
-0.449387
-0.447697
-0.405667
-0.381357
-0.443041
-0.472428
-0.385628
-0.470805
-0.408658
-0.464022
-0.431036
-0.408854
-0.38241
-0.41684
-0.416913
-0.401908
-0.43113
-0.484157
-0.525647
-0.441272
-0.371954
-0.359515
-0.404702
-0.423373
-0.46486
-0.446406
-0.461599
-0.509659
-0.48192
-0.410211
-0.422231
-0.410838
-0.461614
-0.430016
-0.381315
-0.370764
-0.365916
-0.375974
-0.444066
-0.441126
-0.470457
-0.386746
-0.424649
-0.359968
-0.446428
-0.399267
-0.461646
-0.454856
-0.515611
-0.433787
-0.403474
-0.455181
-0.469421
-0.372574
-0.371234
-0.386045
-0.442541
-0.413818
-0.390562
-0.378279
-0.366002
-0.397063
-0.422068
-0.382174
-0.37965
-0.373884
-0.416562
-0.371828
-0.379272
-0.353128
-0.366087
-0.377788
-0.34449
-0.309392
-0.294252
-0.382804
-0.398248
-0.368448
-0.40112
-0.380428
-0.432953
-0.394829
-0.394769
-0.427885
-0.421323
-0.398766
-0.404915
-0.442423
-0.468627
-0.391254
-0.424901
-0.412162
-0.380299
-0.447913
-0.441743
-0.391854
-0.455413
-0.414674
-0.438613
-0.425654
-0.384838
-0.41943
-0.424404
-0.378128
-0.385259
-0.434133
-0.438758
-0.497215
-0.492644
-0.412889
-0.389622
-0.38179
-0.463383
-0.421907
-0.444962
-0.432335
-0.442321
-0.504581
-0.449573
-0.426633
-0.397705
-0.394278
-0.442329
-0.410101
-0.455325
-0.415597
-0.428117
-0.324765
-0.41292
-0.404506
-0.430485
-0.435519
-0.39902
-0.451588
-0.412821
-0.420853
-0.455401
-0.435837
-0.405549
-0.408297
-0.391024
-0.416786
-0.425315
-0.386496
-0.385839
-0.391761
-0.47984
-0.465061
-0.471385
-0.45097
-0.338466
-0.330289
-0.429718
-0.419067
-0.419038
-0.431665
-0.36856
-0.395636
-0.439545
-0.459094
-0.425218
-0.465825
-0.412866
-0.421614
-0.399299
-0.360744
-0.346231
-0.365741
-0.354934
-0.35476
-0.436448
-0.414621
-0.355264
-0.440841
-0.408624
-0.40517
-0.428113
-0.393049
-0.421071
-0.460907
-0.493635
-0.349121
-0.367985
-0.373455
-0.381087
-0.376236
-0.416279
-0.469181
-0.354274
-0.403693
-0.381643
-0.348973
-0.291597
-0.374827
-0.382308
-0.361987
-0.376225
-0.360184
-0.440221
-0.423548
-0.401399
-0.408689
-0.439665
-0.477829
-0.457125
-0.488324
-0.491456
-0.464667
-0.496983
-0.458892
-0.520011
-0.473051
-0.448693
-0.365997
-0.405665
-0.463176
-0.468129
-0.480477
-0.49102
-0.419216
-0.376059
-0.351358
-0.355743
-0.391271
-0.37238
-0.382345
-0.35828
-0.365171
-0.324159
-0.343022
-0.325178
-0.351282
-0.437442
-0.460482
-0.427235
-0.478508
-0.378743
-0.429989
-0.422893
-0.459566
-0.45648
-0.435929
-0.425667
-0.463961
-0.444576
-0.5145
-0.497703
-0.452384
-0.410169
-0.442689
-0.501994
-0.492965
-0.42605
-0.482557
-0.46686
-0.516972
-0.548823
-0.476579
-0.392238
-0.437932
-0.425528
-0.432041
-0.403628
-0.408273
-0.408725
-0.417837
-0.416989
-0.4106
-0.454142
-0.405497
-0.336966
-0.33525
-0.35786
-0.368465
-0.399658
-0.406492
-0.350242
-0.308868
-0.346797
-0.399352
-0.320129
-0.415955
-0.385589
-0.408327
-0.400622
-0.4329
-0.472563
-0.428592
-0.400849
-0.327941
-0.371168
-0.342963
-0.349754
-0.388644
-0.464516
-0.472042
-0.369774
-0.406842
-0.38406
-0.382806
-0.374314
-0.380931
-0.387074
-0.334252
-0.364253
-0.337425
-0.449944
-0.412238
-0.331009
-0.360187
-0.415002
-0.466612
-0.463512
-0.466291
-0.401956
-0.374554
-0.327668
-0.341363
-0.390352
-0.369171
-0.362287
-0.364318
-0.382468
-0.362755
-0.356371
-0.331781
-0.343136
-0.332836
-0.367003
-0.397608
-0.35601
-0.283364
-0.340162
-0.400904
-0.417173
-0.396974
-0.433642
-0.474047
-0.4342
-0.460047
-0.422751
-0.423974
-0.41232
-0.463421
-0.443805
-0.423939
-0.44371
-0.470082
-0.448624
-0.447732
-0.400175
-0.484657
-0.455645
-0.457964
-0.419372
-0.402593
-0.403809
-0.396414
-0.432775
-0.382706
-0.388429
-0.359697
-0.369683
-0.391712
-0.424971
-0.360908
-0.359423
-0.385572
-0.355433
-0.441773
-0.435007
-0.449762
-0.417821
-0.445378
-0.474135
-0.476185
-0.488239
-0.477288
-0.485869
-0.504467
-0.566136
-0.462491
-0.424015
-0.504517
-0.483541
-0.474722
-0.463755
-0.491128
-0.430444
-0.401178
-0.493035
-0.443107
-0.516092
-0.486608
-0.400062
-0.441419
-0.461216
-0.419944
-0.410603
-0.385123
-0.35502
-0.365517
-0.40801
-0.360973
-0.45797
-0.408238
-0.373759
-0.35487
-0.315689
-0.383203
-0.38197
-0.416872
-0.406987
-0.473903
-0.442375
-0.422581
-0.37536
-0.337274
-0.396069
-0.450813
-0.432421
-0.408973
-0.421676
-0.405565
-0.447266
-0.384876
-0.460752
-0.428211
-0.362432
-0.339677
-0.388904
-0.414587
-0.379765
-0.347537
-0.357941
-0.406822
-0.407029
-0.405276
-0.44294
-0.414562
-0.360207
-0.353413
-0.375034
-0.359845
-0.395724
-0.49354
-0.449699
-0.45884
-0.386218
-0.444642
-0.436309
-0.355096
-0.403965
-0.372085
-0.317524
-0.4156
-0.344959
-0.46934
-0.374418
-0.368388
-0.358136
-0.338984
-0.387235
-0.457557
-0.482674
-0.370274
-0.439469
-0.462379
-0.398897
-0.384741
-0.358758
-0.367751
-0.348059
-0.400515
-0.358146
-0.459934
-0.365031
-0.394538
-0.373543
-0.445488
-0.37498
-0.332339
-0.36009
-0.337458
-0.372917
-0.407156
-0.41685
-0.394104
-0.381433
-0.354442
-0.372253
-0.357462
-0.391929
-0.357005
-0.474943
-0.414922
-0.41627
-0.464554
-0.500505
-0.480601
-0.42622
-0.435112
-0.406801
-0.464815
-0.464283
-0.43791
-0.423984
-0.50435
-0.547716
-0.498657
-0.425763
-0.403315
-0.435761
-0.390434
-0.346495
-0.391763
-0.353244
-0.469415
-0.473458
-0.477445
-0.425364
-0.410513
-0.35725
-0.395193
-0.418025
-0.365423
-0.357603
-0.422934
-0.354965
-0.406679
-0.3784
-0.408384
-0.398729
-0.432094
-0.393666
-0.404332
-0.45925
-0.41244
-0.394375
-0.37809
-0.367381
-0.343249
-0.312133
-0.337512
-0.399851
-0.450005
-0.409123
-0.481818
-0.42194
-0.455825
-0.428455
-0.396456
-0.383555
-0.443892
-0.387586
-0.373214
-0.366504
-0.406356
-0.491255
-0.443771
-0.346237
-0.381586
-0.36802
-0.394565
-0.379547
-0.413109
-0.35676
-0.389431
-0.438346
-0.500265
-0.42621
-0.48855
-0.503647
-0.510154
-0.464497
-0.51186
-0.480962
-0.453048
-0.394936
-0.38747
-0.441638
-0.37324
-0.368088
-0.410806
-0.422203
-0.478569
-0.440266
-0.407727
-0.346691
-0.374253
-0.359909
-0.328338
-0.318297
-0.424922
-0.434374
-0.472944
-0.42711
-0.411145
-0.398979
-0.416254
-0.406375
-0.374058
-0.374437
-0.362035
-0.370089
-0.411815
-0.434732
-0.450159
-0.445211
-0.399382
-0.402146
-0.375876
-0.373798
-0.380104
-0.346926
-0.384361
-0.407186
-0.431123
-0.403039
-0.419782
-0.386422
-0.394681
-0.357572
-0.367464
-0.425403
-0.355711
-0.387036
-0.403717
-0.395261
-0.448768
-0.45987
-0.488036
-0.550488
-0.568627
-0.476417
-0.48842
-0.462256
-0.460713
-0.468306
-0.533963
-0.525181
-0.513431
-0.510081
-0.476051
-0.472677
-0.452205
-0.428472
-0.428946
-0.44385
-0.485696
-0.527716
-0.541974
-0.463744
-0.426227
-0.426699
-0.501554
-0.463827
-0.569257
-0.559017
-0.593522
-0.522137
-0.517545
-0.475924
-0.536314
-0.505559
-0.447515
-0.437448
-0.48915
-0.449943
-0.52092
-0.476243
-0.414295
-0.421148
-0.42458
-0.441294
-0.435453
-0.503703
-0.517699
-0.549879
-0.491237
-0.485098
-0.48913
-0.434315
-0.427941
-0.431032
-0.396902
-0.430025
-0.447606
-0.446182
-0.425215
-0.433859
-0.355152
-0.349618
-0.394313
-0.376863
-0.387824
-0.306205
-0.333912
-0.381748
-0.382133
-0.360467
-0.39389
-0.450231
-0.416811
-0.391906
-0.422511
-0.396366
-0.440028
-0.519708
-0.407129
-0.363554
-0.436607
-0.42047
-0.416486
-0.415312
-0.354812
-0.420321
-0.416486
-0.442924
-0.390426
-0.359788
-0.395395
-0.380405
-0.339076
-0.329772
-0.342977
-0.39302
-0.379279
-0.423373
-0.422132
-0.319654
-0.399674
-0.393538
-0.451711
-0.488629
-0.425699
-0.403818
-0.410167
-0.448465
-0.475371
-0.433825
-0.388567
-0.39406
-0.457114
-0.401317
-0.407527
-0.27961
-0.347784
-0.341006
-0.38386
-0.454246
-0.399101
-0.355066
-0.35626
-0.343302
-0.377838
-0.358933
-0.396215
-0.397996
-0.453437
-0.458236
-0.48454
-0.44113
-0.424893
-0.422495
-0.377379
-0.362485
-0.421882
-0.431326
-0.444392
-0.40818
-0.536784
-0.514889
-0.538422
-0.521991
-0.529223
-0.540368
-0.51457
-0.521749
-0.479679
-0.501782
-0.445214
-0.440403
-0.484575
-0.503992
-0.549275
-0.535173
-0.529945
-0.516988
-0.458804
-0.479042
-0.49424
-0.521335
-0.483477
-0.48424
-0.477964
-0.551898
-0.534692
-0.427122
-0.427768
-0.419636
-0.403193
-0.429782
-0.408464
-0.389976
-0.433224
-0.404912
-0.371688
-0.466899
-0.465318
-0.42778
-0.391072
-0.366618
-0.436908
-0.41644
-0.407566
-0.43303
-0.388366
-0.389977
-0.459008
-0.461406
-0.448979
-0.464145
-0.442844
-0.444599
-0.494926
-0.487887
-0.438685
-0.426523
-0.409513
-0.431288
-0.468467
-0.448944
-0.468154
-0.452565
-0.39012
-0.419346
-0.381794
-0.407618
-0.379465
-0.469551
-0.419246
-0.362829
-0.410341
-0.398205
-0.473089
-0.467262
-0.458406
-0.365682
-0.391395
-0.380332
-0.43235
-0.460311
-0.362841
-0.378884
-0.365328
-0.356647
-0.375539
-0.363128
-0.309028
-0.334703
-0.325026
-0.369645
-0.398782
-0.414954
-0.406854
-0.486009
-0.438853
-0.347485
-0.329434
-0.380922
-0.381231
-0.372926
-0.447973
-0.408315
-0.444877
-0.431358
-0.402466
-0.418833
-0.384524
-0.402822
-0.422206
-0.36792
-0.373769
-0.442361
-0.477226
-0.425764
-0.395776
-0.390001
-0.397988
-0.398897
-0.428835
-0.450163
-0.401175
-0.456081
-0.441416
-0.429449
-0.395644
-0.413203
-0.402115
-0.444378
-0.411319
-0.334643
-0.389959
-0.382207
-0.431355
-0.37134
-0.405129
-0.432214
-0.39651
-0.403116
-0.387476
-0.429228
-0.416739
-0.397077
-0.425334
-0.38641
-0.385312
-0.354258
-0.430387
-0.419729
-0.428233
-0.455449
-0.42858
-0.395014
-0.392728
-0.354549
-0.373376
-0.391402
-0.375163
-0.390747
-0.411557
-0.416031
-0.439665
-0.389411
-0.363699
-0.346933
-0.339507
-0.450231
-0.429146
-0.416339
-0.41331
-0.445162
-0.433577
-0.364761
-0.403358
-0.392562
-0.413248
-0.452171
-0.456683
-0.466231
-0.371319
-0.412875
-0.429446
-0.38919
-0.424049
-0.518199
-0.353189
-0.391477
-0.384005
-0.434556
-0.431995
-0.420079
-0.371657
-0.385792
-0.350633
-0.335366
-0.308479
-0.406439
-0.405903
-0.388577
-0.458429
-0.445266
-0.463376
-0.404152
-0.338074
-0.387244
-0.372467
-0.441842
-0.390118
-0.372252
-0.357314
-0.357179
-0.348904
-0.390902
-0.327016
-0.383756
-0.361055
-0.448182
-0.44851
-0.438819
-0.420843
-0.45066
-0.464223
-0.5549
-0.526789
-0.57866
-0.561446
-0.537816
-0.526304
-0.513918
-0.503614
-0.450694
-0.436116
-0.429658
-0.394268
-0.45276
-0.382938
-0.426302
-0.427
-0.477232
-0.425682
-0.47748
-0.487912
-0.448697
-0.401645
-0.408965
-0.465862
-0.437601
-0.436218
-0.43129
-0.459369
-0.449537
-0.432677
-0.434448
-0.368217
-0.363894
-0.394832
-0.360885
-0.349245
-0.382407
-0.445957
-0.455845
-0.410853
-0.371339
-0.413506
-0.423905
-0.306904
-0.347718
-0.367334
-0.460036
-0.416569
-0.390976
-0.415274
-0.429132
-0.429097
-0.386899
-0.362499
-0.347454
-0.381111
-0.368129
-0.463409
-0.426309
-0.415662
-0.412525
-0.452513
-0.471925
-0.466057
-0.335878
-0.338948
-0.331285
-0.357938
-0.36795
-0.459498
-0.430528
-0.45096
-0.370986
-0.389197
-0.424883
-0.405918
-0.451964
-0.485268
-0.494501
-0.529676
-0.513171
-0.445118
-0.402374
-0.40436
-0.442454
-0.416748
-0.407876
-0.368918
-0.366148
-0.397609
-0.350707
-0.40613
-0.471308
-0.512188
-0.567717
-0.447909
-0.436011
-0.440902
-0.412608
-0.397673
-0.429012
-0.437271
-0.440972
-0.388165
-0.392098
-0.33784
-0.362497
-0.35716
-0.395817
-0.426053
-0.448479
-0.385386
-0.382834
-0.396358
-0.357973
-0.427992
-0.440729
-0.357117
-0.324287
-0.345813
-0.35663
-0.408263
-0.379628
-0.398666
-0.418063
-0.43336
-0.42199
-0.384339
-0.398402
-0.351862
-0.313578
-0.279816
-0.359106
-0.375549
-0.326361
-0.336114
-0.41953
-0.435162
-0.415453
-0.493772
-0.465436
-0.497253
-0.450312
-0.39182
-0.417558
-0.490549
-0.528502
-0.386097
-0.419249
-0.449861
-0.405998
-0.346667
-0.421696
-0.392586
-0.418456
-0.357968
-0.417709
-0.434805
-0.416974
-0.3215
-0.328014
-0.36504
-0.471447
-0.44478
-0.460622
-0.415093
-0.372182
-0.419901
-0.359568
-0.386414
-0.362261
-0.361866
-0.394608
-0.38957
-0.391239
-0.434707
-0.410439
-0.417749
-0.376606
-0.378564
-0.411426
-0.457231
-0.444697
-0.407124
-0.349378
-0.325771
-0.34145
-0.319926
-0.299271
-0.413316
-0.385861
-0.385599
-0.395893
-0.413941
-0.363279
-0.364785
-0.356357
-0.35608
-0.357429
-0.325398
-0.352039
-0.366666
-0.316532
-0.355171
-0.331384
-0.379694
-0.421659
-0.360589
-0.421225
-0.516491
-0.476902
-0.498535
-0.450626
-0.391592
-0.458517
-0.473654
-0.472077
-0.438076
-0.429313
-0.438668
-0.416762
-0.427679
-0.343347
-0.356621
-0.386077
-0.423054
-0.397861
-0.403558
-0.414683
-0.424009
-0.464786
-0.386633
-0.406114
-0.359968
-0.402343
-0.453449
-0.425421
-0.456198
-0.450993
-0.345161
-0.391106
-0.46724
-0.462546
-0.45165
-0.415458
-0.422397
-0.454974
-0.439899
-0.477103
-0.518052
-0.515625
-0.51417
-0.540573
-0.528928
-0.47827
-0.486496
-0.44373
-0.462996
-0.437956
-0.43516
-0.411901
-0.458255
-0.425958
-0.430649
-0.443853
-0.397189
-0.411793
-0.363701
-0.417802
-0.458079
-0.418373
-0.433678
-0.446464
-0.428699
-0.486409
-0.456944
-0.411315
-0.412753
-0.431985
-0.376234
-0.479319
-0.496659
-0.433927
-0.522097
-0.482456
-0.565932
-0.405016
-0.345445
-0.325993
-0.322379
-0.409621
-0.428419
-0.515625
-0.424364
-0.455646
-0.404913
-0.470708
-0.364132
-0.372638
-0.320537
-0.333262
-0.368658
-0.388213
-0.402093
-0.328439
-0.373963
-0.443248
-0.414126
-0.378284
-0.362126
-0.348378
-0.398802
-0.435585
-0.429637
-0.41312
-0.47792
-0.400841
-0.440807
-0.432933
-0.380254
-0.479531
-0.441121
-0.447067
-0.463976
-0.524517
-0.490293
-0.421024
-0.438479
-0.345877
-0.37126
-0.38389
-0.383758
-0.351393
-0.453044
-0.381047
-0.418428
-0.43479
-0.461326
-0.407296
-0.415147
-0.408023
-0.400798
-0.425359
-0.372734
-0.420345
-0.442022
-0.463376
-0.398793
-0.351919
-0.353381
-0.3761
-0.322194
-0.368071
-0.317031
-0.435878
-0.416354
-0.431656
-0.473174
-0.396254
-0.414979
-0.409424
-0.438023
-0.456913
-0.484258
-0.500115
-0.514152
-0.514101
-0.537547
-0.514932
-0.54104
-0.443063
-0.533155
-0.506742
-0.538172
-0.494927
-0.487367
-0.536955
-0.534452
-0.484828
-0.411078
-0.40394
-0.401287
-0.447661
-0.424204
-0.328707
-0.355541
-0.385968
-0.351085
-0.376836
-0.436557
-0.441068
-0.409307
-0.392458
-0.438385
-0.381002
-0.417292
-0.444422
-0.406525
-0.4066
-0.427858
-0.39004
-0.448115
-0.467806
-0.43687
-0.407501
-0.455058
-0.477224
-0.42075
-0.48319
-0.474851
-0.473682
-0.482518
-0.483954
-0.407701
-0.343522
-0.43272
-0.306078
-0.385929
-0.402556
-0.389516
-0.336323
-0.342282
-0.388621
-0.341293
-0.402555
-0.400133
-0.403332
-0.378201
-0.390298
-0.395016
-0.407934
-0.390772
-0.38358
-0.432976
-0.408461
-0.374094
-0.376739
-0.417446
-0.401373
-0.415254
-0.50227
-0.428324
-0.339282
-0.464969
-0.378227
-0.416058
-0.452199
-0.428717
-0.400946
-0.436688
-0.459881
-0.45826
-0.482369
-0.464509
-0.43209
-0.460196
-0.456314
-0.523224
-0.517595
-0.423447
-0.433964
-0.435667
-0.409018
-0.371586
-0.336049
-0.378168
-0.36918
-0.320005
-0.373843
-0.267299
-0.391126
-0.456655
-0.489965
-0.446496
-0.487679
-0.384748
-0.402706
-0.385042
-0.34633
-0.363365
-0.44169
-0.410581
-0.447228
-0.403718
-0.405805
-0.40793
-0.467527
-0.464939
-0.419016
-0.366033
-0.49169
-0.428665
-0.528701
-0.488541
-0.496482
-0.438576
-0.413319
-0.392541
-0.434802
-0.461209
-0.481386
-0.531091
-0.474567
-0.423182
-0.482923
-0.426977
-0.434215
-0.424104
-0.515782
-0.541891
-0.433815
-0.460398
-0.396311
-0.330728
-0.387393
-0.404544
-0.365353
-0.379175
-0.371338
-0.406085
-0.383202
-0.36682
-0.39506
-0.424393
-0.446918
-0.405342
-0.365764
-0.419449
-0.427295
-0.429505
-0.319373
-0.378935
-0.431375
-0.479184
-0.38853
-0.4497
-0.34105
-0.408621
-0.372015
-0.439543
-0.395171
-0.365081
-0.410531
-0.440885
-0.417814
-0.490881
-0.443499
-0.421193
-0.41379
-0.402968
-0.423415
-0.417571
-0.393527
-0.455465
-0.373181
-0.366033
-0.450304
-0.397542
-0.389214
-0.452674
-0.442145
-0.415957
-0.415336
-0.460587
-0.409934
-0.35451
-0.464228
-0.461252
-0.430063
-0.440918
-0.479561
-0.359307
-0.361289
-0.444061
-0.418147
-0.465032
-0.486259
-0.467087
-0.394641
-0.328057
-0.353575
-0.395794
-0.413773
-0.398052
-0.399015
-0.389751
-0.372468
-0.373897
-0.371395
-0.423045
-0.409348
-0.412645
-0.426082
-0.379267
-0.454526
-0.36366
-0.382765
-0.349896
-0.341282
-0.47451
-0.489
-0.486734
-0.395284
-0.363845
-0.422013
-0.454294
-0.448887
-0.439638
-0.39396
-0.382658
-0.356491
-0.405203
-0.40279
-0.409437
-0.315114
-0.371933
-0.383222
-0.342344
-0.454965
-0.545166
-0.520398
-0.45326
-0.498963
-0.451149
-0.467472
-0.439455
-0.479634
-0.440388
-0.412426
-0.406756
-0.359708
-0.370944
-0.461564
-0.39323
-0.388726
-0.420575
-0.36877
-0.400378
-0.482269
-0.416277
-0.393184
-0.428194
-0.40067
-0.452125
-0.446159
-0.424431
-0.407294
-0.409573
-0.413662
-0.412312
-0.436478
-0.411832
-0.446688
-0.502038
-0.46607
-0.440567
-0.420532
-0.482794
-0.513381
-0.439271
-0.417299
-0.462017
-0.49871
-0.497142
-0.489404
-0.417933
-0.408117
-0.460114
-0.447701
-0.397753
-0.402507
-0.397012
-0.38279
-0.368023
-0.410598
-0.365053
-0.348128
-0.346137
-0.354987
-0.384991
-0.404204
-0.417152
-0.39219
-0.49625
-0.48266
-0.41588
-0.443138
-0.398212
-0.421494
-0.473275
-0.367128
-0.41448
-0.461517
-0.431856
-0.446022
-0.409028
-0.363599
-0.377573
-0.438001
-0.396575
-0.402697
-0.408932
-0.398901
-0.375143
-0.385889
-0.439582
-0.37746
-0.430744
-0.397743
-0.356535
-0.448557
-0.429636
-0.368438
-0.386108
-0.337795
-0.374924
-0.333051
-0.327988
-0.392699
-0.387833
-0.378212
-0.440246
-0.536434
-0.537972
-0.441358
-0.388731
-0.330368
-0.353928
-0.385913
-0.326609
-0.367038
-0.438917
-0.42185
-0.418064
-0.453664
-0.439857
-0.469298
-0.408408
-0.369198
-0.423004
-0.352412
-0.357678
-0.392863
-0.396036
-0.419216
-0.415501
-0.506242
-0.394585
-0.401566
-0.352564
-0.373371
-0.40882
-0.424611
-0.442813
-0.399568
-0.372338
-0.341954
-0.44368
-0.413945
-0.336741
-0.370789
-0.307229
-0.370876
-0.38251
-0.364448
-0.413441
-0.410979
-0.49359
-0.456648
-0.491425
-0.451222
-0.43418
-0.397454
-0.385523
-0.462962
-0.440725
-0.422839
-0.377126
-0.356813
-0.373366
-0.426176
-0.466749
-0.441542
-0.457079
-0.463707
-0.447403
-0.410677
-0.367355
-0.403186
-0.45069
-0.435891
-0.42294
-0.471968
-0.583965
-0.477155
-0.426433
-0.383
-0.367044
-0.368289
-0.377743
-0.382038
-0.446289
-0.524643
-0.463038
-0.373832
-0.295969
-0.382886
-0.346574
-0.397711
-0.430173
-0.440647
-0.465598
-0.433988
-0.412186
-0.373048
-0.40898
-0.391608
-0.462901
-0.38837
-0.397624
-0.464351
-0.400656
-0.497169
-0.499016
-0.492091
-0.484317
-0.568798
-0.545365
-0.520243
-0.527603
-0.484653
-0.557532
-0.579677
-0.511304
-0.456064
-0.504315
-0.550851
-0.559561
-0.562343
-0.535788
-0.434705
-0.449653
-0.461794
-0.420429
-0.387964
-0.388386
-0.361348
-0.372843
-0.400875
-0.40385
-0.44396
-0.441155
-0.458605
-0.472083
-0.475929
-0.420789
-0.372486
-0.393119
-0.387284
-0.446396
-0.389109
-0.336038
-0.417029
-0.375871
-0.389441
-0.46295
-0.464495
-0.433449
-0.487655
-0.453025
-0.540924
-0.511648
-0.523681
-0.459332
-0.471439
-0.440238
-0.472323
-0.432848
-0.436204
-0.492558
-0.40976
-0.460909
-0.427165
-0.482377
-0.450362
-0.430295
-0.373807
-0.448002
-0.456404
-0.439966
-0.387478
-0.381938
-0.406518
-0.390124
-0.320621
-0.373928
-0.361093
-0.365312
-0.436966
-0.379052
-0.372211
-0.398184
-0.471076
-0.45612
-0.449215
-0.4467
-0.399092
-0.36751
-0.334645
-0.341624
-0.337453
-0.369081
-0.370673
-0.342449
-0.370079
-0.279037
-0.4188
-0.495709
-0.473608
-0.511195
-0.507101
-0.495501
-0.499325
-0.46825
-0.451571
-0.438874
-0.504441
-0.4079
-0.418195
-0.364193
-0.377429
-0.379345
-0.358212
-0.316743
-0.328599
-0.405617
-0.395081
-0.336445
-0.31023
-0.340139
-0.411588
-0.467469
-0.456144
-0.419693
-0.40162
-0.392994
-0.421502
-0.468751
-0.463868
-0.505158
-0.504295
-0.406855
-0.430285
-0.350349
-0.28747
-0.316574
-0.343904
-0.375951
-0.442695
-0.405383
-0.409622
-0.4649
-0.45614
-0.430595
-0.391313
-0.422647
-0.428302
-0.380467
-0.433929
-0.423832
-0.411673
-0.430159
-0.374339
-0.289474
-0.324878
-0.373847
-0.412451
-0.398518
-0.34847
-0.425499
-0.335595
-0.323417
-0.375326
-0.303369
-0.371719
-0.473317
-0.44451
-0.431796
-0.38735
-0.388634
-0.401337
-0.4112
-0.424386
-0.457776
-0.555378
-0.450071
-0.487304
-0.468627
-0.412882
-0.44452
-0.478923
-0.449588
-0.394731
-0.434993
-0.370042
-0.410881
-0.409045
-0.449968
-0.405082
-0.419791
-0.404201
-0.37961
-0.352888
-0.382889
-0.433107
-0.352958
-0.43509
-0.446336
-0.339061
-0.358388
-0.386754
-0.384652
-0.389809
-0.396692
-0.377367
-0.386892
-0.357616
-0.392267
-0.429606
-0.471049
-0.388096
-0.403234
-0.391185
-0.455769
-0.499943
-0.470449
-0.433513
-0.469361
-0.46804
-0.444765
-0.437935
-0.447236
-0.398177
-0.389952
-0.384085
-0.4101
-0.412705
-0.474626
-0.491625
-0.435271
-0.438156
-0.460577
-0.479201
-0.431004
-0.404486
-0.356742
-0.357065
-0.336048
-0.325486
-0.324848
-0.298097
-0.327917
-0.344645
-0.40366
-0.395865
-0.422669
-0.404895
-0.387057
-0.368692
-0.429333
-0.496494
-0.498002
-0.507385
-0.469441
-0.420535
-0.382583
-0.389867
-0.374277
-0.340707
-0.382792
-0.449113
-0.404635
-0.366004
-0.430152
-0.42108
-0.436089
-0.422635
-0.403083
-0.39171
-0.435997
-0.393154
-0.439099
-0.495866
-0.563657
-0.441701
-0.493958
-0.526182
-0.400548
-0.359324
-0.329447
-0.329728
-0.362511
-0.391548
-0.40351
-0.447512
-0.492095
-0.419798
-0.434536
-0.50644
-0.440484
-0.333629
-0.388306
-0.436921
-0.429692
-0.496485
-0.485805
-0.461468
-0.476725
-0.462628
-0.425614
-0.440599
-0.442327
-0.454595
-0.39261
-0.391082
-0.390773
-0.347681
-0.392996
-0.344292
-0.310632
-0.301284
-0.359799
-0.412583
-0.429634
-0.394419
-0.412873
-0.442872
-0.455823
-0.492888
-0.487185
-0.474484
-0.46971
-0.393756
-0.409513
-0.462582
-0.330548
-0.309839
-0.335811
-0.383594
-0.445853
-0.443611
-0.440201
-0.469775
-0.391624
-0.435992
-0.445163
-0.415352
-0.391358
-0.42859
-0.443043
-0.40858
-0.416654
-0.319286
-0.334726
-0.313701
-0.388384
-0.400899
-0.397929
-0.370763
-0.409372
-0.387494
-0.413617
-0.488556
-0.437642
-0.488139
-0.408776
-0.408181
-0.395862
-0.32103
-0.371609
-0.321947
-0.338102
-0.397454
-0.420942
-0.375291
-0.327058
-0.329281
-0.397757
-0.38875
-0.398843
-0.364693
-0.421804
-0.386978
-0.417439
-0.407571
-0.386749
-0.411948
-0.402539
-0.43946
-0.463288
-0.398607
-0.439774
-0.462961
-0.408511
-0.416404
-0.437089
-0.386083
-0.419497
-0.411506
-0.415554
-0.385998
-0.389912
-0.44457
-0.459763
-0.459538
-0.436275
-0.402102
-0.436445
-0.372405
-0.347464
-0.345663
-0.432317
-0.471953
-0.419981
-0.411626
-0.38986
-0.395627
-0.412784
-0.473407
-0.467392
-0.514105
-0.470506
-0.474435
-0.536134
-0.514723
-0.549465
-0.524153
-0.379137
-0.406073
-0.468341
-0.478719
-0.47552
-0.408383
-0.410475
-0.394532
-0.427679
-0.372083
-0.394063
-0.4114
-0.487463
-0.501237
-0.522706
-0.465606
-0.44687
-0.427369
-0.385706
-0.338765
-0.40872
-0.3862
-0.353892
-0.429671
-0.382931
-0.339892
-0.417779
-0.410444
-0.388073
-0.378505
-0.329073
-0.352427
-0.415288
-0.455889
-0.393801
-0.409368
-0.402307
-0.406191
-0.442173
-0.488991
-0.538075
-0.552473
-0.449164
-0.565419
-0.511154
-0.457747
-0.455247
-0.483964
-0.450955
-0.42074
-0.377983
-0.474607
-0.461072
-0.447961
-0.422302
-0.429106
-0.479565
-0.464363
-0.369298
-0.371899
-0.399499
-0.429771
-0.423076
-0.434411
-0.495503
-0.415164
-0.32333
-0.362058
-0.336162
-0.32802
-0.342852
-0.480445
-0.467427
-0.428595
-0.40288
-0.490099
-0.463126
-0.505698
-0.48368
-0.437785
-0.402541
-0.404887
-0.390042
-0.406183
-0.416461
-0.377213
-0.42156
-0.418839
-0.424972
-0.401845
-0.422937
-0.4397
-0.396504
-0.480333
-0.398433
-0.401748
-0.402532
-0.461062
-0.398759
-0.383383
-0.380471
-0.414262
-0.443743
-0.421909
-0.42207
-0.481135
-0.443411
-0.415792
-0.419725
-0.337056
-0.406016
-0.458393
-0.410086
-0.399914
-0.456569
-0.426812
-0.376951
-0.436086
-0.37483
-0.425761
-0.345674
-0.299415
-0.361141
-0.365971
-0.353769
-0.360917
-0.424545
-0.427401
-0.336047
-0.40546
-0.362375
-0.401118
-0.43808
-0.433642
-0.431346
-0.375049
-0.330888
-0.405035
-0.411459
-0.36053
-0.353418
-0.363921
-0.386778
-0.452045
-0.441688
-0.428642
-0.402795
-0.487979
-0.436295
-0.393665
-0.397961
-0.390096
-0.3986
-0.379157
-0.362455
-0.375389
-0.33101
-0.43034
-0.522225
-0.492622
-0.469802
-0.537604
-0.541591
-0.530303
-0.547987
-0.460639
-0.439103
-0.399163
-0.390937
-0.454913
-0.458661
-0.417463
-0.452858
-0.471108
-0.469828
-0.491301
-0.558078
-0.466792
-0.350049
-0.410098
-0.358266
-0.437562
-0.504695
-0.481057
-0.442139
-0.402852
-0.436796
-0.464052
-0.55496
-0.474231
-0.420045
-0.44782
-0.464823
-0.442968
-0.454697
-0.365585
-0.356807
-0.429761
-0.379127
-0.319641
-0.38713
-0.438659
-0.452768
-0.382315
-0.433437
-0.401658
-0.336661
-0.334711
-0.432656
-0.449694
-0.394744
-0.399771
-0.38602
-0.405272
-0.404503
-0.398232
-0.415533
-0.481185
-0.45686
-0.366921
-0.400485
-0.400003
-0.343042
-0.363755
-0.364943
-0.373963
-0.401647
-0.472988
-0.404776
-0.450112
-0.508005
-0.496995
-0.370117
-0.383005
-0.37338
-0.423746
-0.414191
-0.436368
-0.465647
-0.421968
-0.356873
-0.404234
-0.450567
-0.361919
-0.406494
-0.456694
-0.412797
-0.392539
-0.350872
-0.407452
-0.36726
-0.368719
-0.369061
-0.373622
-0.39174
-0.384721
-0.367909
-0.426469
-0.470361
-0.523784
-0.38638
-0.39925
-0.439023
-0.373308
-0.300921
-0.359124
-0.347625
-0.403472
-0.464494
-0.472799
-0.394813
-0.420958
-0.402968
-0.38031
-0.372495
-0.36839
-0.424199
-0.374029
-0.407523
-0.417748
-0.475369
-0.389876
-0.389191
-0.370823
-0.405796
-0.4198
-0.385605
-0.502906
-0.492023
-0.491112
-0.465828
-0.476535
-0.416909
-0.400614
-0.435961
-0.382317
-0.348094
-0.397691
-0.359909
-0.381479
-0.339768
-0.384693
-0.380909
-0.322497
-0.373798
-0.362796
-0.404135
-0.422115
-0.418521
-0.416766
-0.385724
-0.405239
-0.381325
-0.401548
-0.468885
-0.430168
-0.393986
-0.438212
-0.396124
-0.445558
-0.46368
-0.442108
-0.384647
-0.376121
-0.431366
-0.438869
-0.441225
-0.444458
-0.418867
-0.397393
-0.369304
-0.408833
-0.378638
-0.350294
-0.370706
-0.347993
-0.395252
-0.390127
-0.408568
-0.417199
-0.380983
-0.424467
-0.413022
-0.41032
-0.464103
-0.423694
-0.417621
-0.499033
-0.436652
-0.468282
-0.450595
-0.52417
-0.533797
-0.546668
-0.582173
-0.561482
-0.53672
-0.491095
-0.531939
-0.5073
-0.476285
-0.496075
-0.430061
-0.455355
-0.449856
-0.467786
-0.447341
-0.450138
-0.459003
-0.444524
-0.396801
-0.407537
-0.442108
-0.458835
-0.45981
-0.399683
-0.387882
-0.403028
-0.366838
-0.345539
-0.371321
-0.388091
-0.383944
-0.467533
-0.399398
-0.444592
-0.455834
-0.418206
-0.397414
-0.429113
-0.5169
-0.405314
-0.39009
-0.417704
-0.400664
-0.371279
-0.278092
-0.345404
-0.408865
-0.451885
-0.422818
-0.350548
-0.389032
-0.396716
-0.406848
-0.382492
-0.425266
-0.408604
-0.326691
-0.313887
-0.331902
-0.285995
-0.300325
-0.324344
-0.386271
-0.40025
-0.331005
-0.367288
-0.38775
-0.431651
-0.387095
-0.413747
-0.432588
-0.437592
-0.391159
-0.362304
-0.324017
-0.352393
-0.337157
-0.320253
-0.295537
-0.3841
-0.392332
-0.367378
-0.394016
-0.435056
-0.443479
-0.460832
-0.405206
-0.397568
-0.421473
-0.455123
-0.371488
-0.460555
-0.458874
-0.379928
-0.456947
-0.37815
-0.356638
-0.387811
-0.368291
-0.43135
-0.421526
-0.431533
-0.398293
-0.339466
-0.418349
-0.384313
-0.376129
-0.369884
-0.386783
-0.349267
-0.391146
-0.435559
-0.503745
-0.551106
-0.401416
-0.409731
-0.414721
-0.539558
-0.524433
-0.474034
-0.475352
-0.434809
-0.453856
-0.449971
-0.412438
-0.463454
-0.399841
-0.460082
-0.369503
-0.414546
-0.406444
-0.414528
-0.325942
-0.365714
-0.4175
-0.420857
-0.442033
-0.397131
-0.423337
-0.41195
-0.432069
-0.506194
-0.556943
-0.512037
-0.571909
-0.559767
-0.487488
-0.485229
-0.436807
-0.406851
-0.430395
-0.443107
-0.52327
-0.430638
-0.443756
-0.518454
-0.451252
-0.402128
-0.34859
-0.393294
-0.347809
-0.387695
-0.403019
-0.331527
-0.407067
-0.390115
-0.414058
-0.406305
-0.397062
-0.420973
-0.383913
-0.361912
-0.378772
-0.383795
-0.360075
-0.352432
-0.358268
-0.404676
-0.39068
-0.355553
-0.323513
-0.395456
-0.415372
-0.427451
-0.484275
-0.547088
-0.467532
-0.409037
-0.42425
-0.343424
-0.30752
-0.388729
-0.448066
-0.435352
-0.36525
-0.481564
-0.487299
-0.364864
-0.400529
-0.445266
-0.420607
-0.400709
-0.330555
-0.314875
-0.366115
-0.34554
-0.335244
-0.404845
-0.39121
-0.370548
-0.372961
-0.337335
-0.366276
-0.358377
-0.341011
-0.42219
-0.437687
-0.442472
-0.372154
-0.352006
-0.481631
-0.394623
-0.436469
-0.437499
-0.462926
-0.428732
-0.480028
-0.454199
-0.445494
-0.474027
-0.490887
-0.430419
-0.393735
-0.456107
-0.371391
-0.396972
-0.406072
-0.462957
-0.473371
-0.469972
-0.406438
-0.400735
-0.408806
-0.432984
-0.452152
-0.453574
-0.388207
-0.370695
-0.355136
-0.360036
-0.346027
-0.410156
-0.446169
-0.392249
-0.316256
-0.333174
-0.342331
-0.418065
-0.414441
-0.461682
-0.463318
-0.474447
-0.492523
-0.395125
-0.358399
-0.45272
-0.457446
-0.362307
-0.305624
-0.323282
-0.362263
-0.367992
-0.423128
-0.434345
-0.470728
-0.468685
-0.476803
-0.474383
-0.418638
-0.433628
-0.370381
-0.37197
-0.421743
-0.458257
-0.559775
-0.564836
-0.498338
-0.467435
-0.41808
-0.425336
-0.434609
-0.429008
-0.454605
-0.457681
-0.389452
-0.375179
-0.374056
-0.387394
-0.355782
-0.397832
-0.492652
-0.447529
-0.446787
-0.461382
-0.453477
-0.445121
-0.467348
-0.394522
-0.395703
-0.330927
-0.31775
-0.382036
-0.387478
-0.384362
-0.427362
-0.347652
-0.412563
-0.448072
-0.448742
-0.481166
-0.449565
-0.413591
-0.470739
-0.479553
-0.392301
-0.423464
-0.406739
-0.446443
-0.406074
-0.455594
-0.421233
-0.34064
-0.305379
-0.360232
-0.384127
-0.36802
-0.37488
-0.368579
-0.361872
-0.354946
-0.410612
-0.432606
-0.398652
-0.377065
-0.404699
-0.373391
-0.398271
-0.384133
-0.387455
-0.393935
-0.389306
-0.349226
-0.358914
-0.325229
-0.350013
-0.44904
-0.405567
-0.40111
-0.436486
-0.361426
-0.399417
-0.416666
-0.453537
-0.461909
-0.458004
-0.450575
-0.41633
-0.409317
-0.415538
-0.437454
-0.467631
-0.43934
-0.384021
-0.356151
-0.357968
-0.407439
-0.471123
-0.37111
-0.367904
-0.407752
-0.40819
-0.442046
-0.347409
-0.361485
-0.391146
-0.38953
-0.361676
-0.336854
-0.324862
-0.370828
-0.410029
-0.491365
-0.44278
-0.449295
-0.345576
-0.36205
-0.355238
-0.335871
-0.395408
-0.410583
-0.36318
-0.32367
-0.38532
-0.411916
-0.395639
-0.417232
-0.476593
-0.529315
-0.476057
-0.473205
-0.45395
-0.421086
-0.429134
-0.397336
-0.349046
-0.428115
-0.396599
-0.402073
-0.469737
-0.391542
-0.432344
-0.432414
-0.410301
-0.358134
-0.36277
-0.380423
-0.391941
-0.381372
-0.333461
-0.293199
-0.346136
-0.37228
-0.460437
-0.480198
-0.489335
-0.489342
-0.478569
-0.473696
-0.409492
-0.436934
-0.425732
-0.426676
-0.451939
-0.426408
-0.361092
-0.406681
-0.454926
-0.467066
-0.521083
-0.524208
-0.453107
-0.51521
-0.432879
-0.420721
-0.47449
-0.368093
-0.386937
-0.461376
-0.474869
-0.447023
-0.40715
-0.316286
-0.383747
-0.408182
-0.362541
-0.382494
-0.39975
-0.403894
-0.368257
-0.39304
-0.393842
-0.423753
-0.410033
-0.452452
-0.402952
-0.469056
-0.493943
-0.48405
-0.474315
-0.486555
-0.441595
-0.405896
-0.457035
-0.398041
-0.405966
-0.432857
-0.381964
-0.338754
-0.339931
-0.36519
-0.381403
-0.394019
-0.393566
-0.434755
-0.405866
-0.371524
-0.420753
-0.373788
-0.364885
-0.38988
-0.394444
-0.370656
-0.348642
-0.375076
-0.417025
-0.448601
-0.429943
-0.399589
-0.449587
-0.51681
-0.535803
-0.49352
-0.489725
-0.462407
-0.423764
-0.482064
-0.482081
-0.493023
-0.415587
-0.462885
-0.429557
-0.392788
-0.376183
-0.349826
-0.420177
-0.367281
-0.372667
-0.417923
-0.351708
-0.353018
-0.376894
-0.385697
-0.395399
-0.438567
-0.421267
-0.446575
-0.466452
-0.519047
-0.523383
-0.469898
-0.468208
-0.4548
-0.453807
-0.382277
-0.401792
-0.348505
-0.459779
-0.425863
-0.45012
-0.423773
-0.466944
-0.417145
-0.39007
-0.436998
-0.441907
-0.403068
-0.429655
-0.418088
-0.443759
-0.459004
-0.418822
-0.434682
-0.398569
-0.389395
-0.424234
-0.422396
-0.410215
-0.382005
-0.420219
-0.380255
-0.44082
-0.493261
-0.50621
-0.461985
-0.424146
-0.426514
-0.406454
-0.446036
-0.446798
-0.4501
-0.544381
-0.529479
-0.450541
-0.449003
-0.449464
-0.40369
-0.442897
-0.449063
-0.40455
-0.365151
-0.519951
-0.461874
-0.421981
-0.394056
-0.360095
-0.372058
-0.374232
-0.403281
-0.448307
-0.463057
-0.432953
-0.40008
-0.471396
-0.467815
-0.428339
-0.421993
-0.458441
-0.45472
-0.372923
-0.423881
-0.425788
-0.402675
-0.364704
-0.351576
-0.380289
-0.364391
-0.324841
-0.367998
-0.351868
-0.38222
-0.381806
-0.386364
-0.431429
-0.375223
-0.371089
-0.449321
-0.474056
-0.426261
-0.44636
-0.434218
-0.431029
-0.379925
-0.381043
-0.42781
-0.413006
-0.399107
-0.361337
-0.446231
-0.371113
-0.392918
-0.409015
-0.474179
-0.42813
-0.391068
-0.451887
-0.478688
-0.422414
-0.38914
-0.3617
-0.40067
-0.45036
-0.413559
-0.43912
-0.445392
-0.484325
-0.448999
-0.441542
-0.50858
-0.509331
-0.467297
-0.484993
-0.493476
-0.355845
-0.497486
-0.524881
-0.501849
-0.481271
-0.498026
-0.509534
-0.431356
-0.470425
-0.476709
-0.526743
-0.545955
-0.460947
-0.48129
-0.519053
-0.430547
-0.392531
-0.37455
-0.396285
-0.426929
-0.281104
-0.448963
-0.393184
-0.442657
-0.446204
-0.447719
-0.491628
-0.47041
-0.452219
-0.380799
-0.354908
-0.340386
-0.357617
-0.356126
-0.417066
-0.455068
-0.426412
-0.426249
-0.427524
-0.423838
-0.42963
-0.414305
-0.392155
-0.397402
-0.392822
-0.404481
-0.35984
-0.390537
-0.430788
-0.381191
-0.402829
-0.311629
-0.398524
-0.333449
-0.353056
-0.444636
-0.365398
-0.383895
-0.349808
-0.452973
-0.45247
-0.421387
-0.44476
-0.491843
-0.494476
-0.477422
-0.442758
-0.500874
-0.489205
-0.419976
-0.444373
-0.481307
-0.429076
-0.430329
-0.387134
-0.362535
-0.35076
-0.3483
-0.376
-0.405791
-0.418425
-0.368084
-0.426056
-0.440503
-0.392937
-0.429829
-0.40076
-0.436574
-0.44147
-0.492703
-0.524018
-0.580361
-0.491301
-0.46979
-0.423989
-0.461119
-0.378005
-0.40989
-0.462181
-0.491182
-0.465929
-0.414799
-0.362122
-0.376164
-0.340423
-0.392152
-0.375442
-0.420644
-0.391438
-0.307491
-0.338198
-0.394179
-0.400477
-0.448641
-0.456108
-0.458004
-0.482861
-0.51052
-0.468061
-0.384786
-0.322499
-0.430151
-0.425395
-0.344819
-0.375473
-0.347867
-0.401765
-0.44091
-0.454493
-0.401382
-0.432973
-0.455504
-0.41741
-0.438706
-0.456689
-0.428992
-0.356711
-0.382374
-0.387544
-0.424913
-0.364087
-0.354839
-0.377826
-0.333545
-0.386649
-0.414297
-0.39831
-0.426418
-0.417135
-0.462685
-0.453327
-0.402254
-0.501249
-0.448015
-0.47268
-0.471762
-0.422692
-0.432639
-0.448803
-0.401537
-0.384235
-0.402711
-0.433993
-0.370309
-0.329501
-0.386123
-0.389652
-0.46869
-0.381964
-0.468716
-0.462735
-0.429404
-0.521304
-0.51276
-0.462153
-0.395532
-0.346208
-0.437268
-0.458377
-0.468757
-0.431289
-0.419762
-0.429358
-0.401627
-0.351744
-0.376774
-0.357563
-0.425776
-0.406742
-0.41378
-0.39834
-0.359059
-0.383267
-0.366746
-0.376778
-0.341239
-0.38159
-0.344331
-0.397097
-0.431466
-0.342513
-0.319935
-0.355713
-0.367372
-0.3329
-0.340559
-0.412039
-0.440514
-0.403072
-0.326909
-0.302464
-0.360364
-0.361686
-0.361188
-0.423386
-0.350032
-0.36231
-0.416292
-0.457101
-0.489988
-0.396995
-0.356844
-0.473096
-0.464639
-0.45682
-0.467799
-0.433238
-0.374785
-0.398639
-0.408167
-0.399992
-0.481454
-0.409764
-0.4261
-0.448492
-0.420631
-0.50712
-0.487794
-0.458522
-0.435715
-0.423416
-0.436279
-0.45563
-0.460437
-0.392195
-0.383039
-0.492767
-0.412586
-0.37412
-0.386431
-0.357716
-0.451049
-0.489015
-0.517528
-0.504429
-0.486898
-0.562127
-0.545491
-0.562876
-0.525722
-0.512862
-0.458771
-0.485912
-0.512188
-0.43913
-0.344069
-0.45553
-0.405979
-0.387899
-0.428341
-0.423516
-0.433155
-0.366899
-0.377412
-0.399076
-0.415219
-0.399894
-0.441439
-0.430097
-0.388941
-0.435043
-0.48271
-0.412636
-0.414435
-0.546802
-0.554674
-0.44942
-0.455812
-0.47729
-0.482761
-0.415794
-0.394901
-0.401807
-0.424861
-0.313417
-0.387229
-0.395687
-0.384518
-0.357373
-0.347705
-0.366154
-0.370311
-0.350159
-0.359531
-0.392534
-0.418564
-0.417385
-0.356178
-0.391297
-0.383712
-0.400203
-0.442042
-0.47018
-0.4502
-0.429261
-0.387309
-0.435323
-0.442939
-0.388128
-0.37705
-0.371682
-0.378446
-0.380816
-0.414791
-0.426122
-0.474922
-0.423373
-0.437927
-0.397485
-0.338054
-0.321856
-0.377231
-0.424521
-0.387475
-0.451299
-0.477276
-0.46055
-0.469716
-0.535657
-0.522115
-0.493314
-0.450472
-0.404096
-0.446258
-0.410758
-0.452507
-0.526212
-0.401581
-0.360969
-0.320138
-0.353712
-0.346185
-0.381728
-0.395797
-0.392447
-0.401981
-0.404414
-0.400267
-0.442383
-0.443583
-0.405204
-0.412369
-0.401506
-0.397844
-0.472639
-0.435261
-0.410205
-0.428992
-0.419932
-0.43813
-0.410468
-0.412243
-0.349761
-0.440325
-0.39795
-0.394287
-0.403422
-0.445995
-0.377084
-0.373186
-0.43385
-0.504026
-0.442775
-0.446105
-0.433864
-0.415116
-0.40755
-0.38752
-0.411957
-0.411717
-0.412406
-0.436572
-0.409526
-0.393312
-0.434644
-0.475727
-0.406229
-0.449833
-0.414802
-0.445732
-0.45909
-0.406163
-0.421233
-0.401849
-0.470649
-0.383338
-0.406616
-0.411485
-0.347687
-0.393677
-0.401211
-0.39672
-0.408266
-0.405025
-0.431756
-0.411074
-0.381306
-0.39736
-0.409231
-0.444767
-0.476355
-0.437678
-0.48126
-0.441032
-0.419411
-0.391252
-0.408632
-0.419664
-0.365706
-0.320455
-0.365762
-0.38536
-0.416253
-0.398423
-0.413468
-0.452918
-0.441946
-0.445175
-0.45091
-0.458912
-0.441509
-0.46734
-0.459544
-0.426045
-0.445152
-0.387472
-0.42278
-0.422227
-0.445985
-0.392954
-0.471569
-0.488634
-0.45082
-0.496349
-0.528716
-0.414368
-0.387256
-0.306154
-0.375458
-0.398215
-0.422091
-0.426174
-0.394583
-0.407732
-0.407089
-0.415239
-0.517233
-0.445683
-0.397867
-0.408246
-0.494384
-0.51109
-0.470324
-0.448042
-0.468072
-0.422775
-0.40573
-0.467779
-0.368602
-0.4349
-0.457448
-0.441885
-0.406109
-0.420574
-0.402367
-0.427138
-0.386928
-0.426568
-0.403682
-0.359632
-0.354099
-0.35761
-0.341019
-0.358809
-0.426652
-0.459762
-0.520465
-0.524554
-0.487296
-0.417529
-0.451869
-0.4129
-0.400546
-0.358599
-0.361261
-0.409766
-0.497573
-0.470963
-0.367999
-0.392834
-0.386577
-0.369999
-0.334507
-0.390528
-0.402876
-0.376147
-0.446506
-0.402269
-0.393272
-0.321426
-0.401549
-0.375366
-0.399371
-0.353323
-0.400288
-0.424574
-0.384925
-0.359745
-0.331364
-0.357974
-0.473558
-0.386868
-0.382289
-0.414887
-0.420924
-0.465288
-0.496929
-0.478679
-0.591229
-0.593022
-0.51914
-0.440515
-0.478338
-0.433256
-0.432448
-0.37207
-0.362997
-0.390854
-0.412545
-0.41437
-0.437884
-0.401669
-0.399853
-0.381857
-0.346753
-0.364992
-0.440653
-0.458821
-0.423727
-0.436728
-0.378061
-0.445991
-0.427796
-0.399203
-0.4001
-0.430345
-0.407781
-0.536596
-0.479018
-0.431983
-0.372089
-0.390862
-0.447688
-0.399626
-0.354117
-0.366394
-0.389449
-0.380886
-0.405461
-0.456413
-0.419973
-0.39383
-0.377512
-0.43637
-0.430612
-0.458604
-0.37128
-0.381428
-0.3698
-0.388469
-0.433933
-0.376922
-0.444336
-0.48378
-0.481466
-0.46464
-0.443451
-0.396842
-0.45186
-0.383099
-0.378358
-0.458233
-0.466515
-0.410811
-0.387961
-0.344676
-0.402682
-0.321197
-0.350551
-0.411992
-0.424425
-0.470872
-0.424976
-0.413259
-0.43434
-0.384057
-0.408978
-0.35616
-0.431009
-0.413456
-0.35307
-0.305885
-0.281235
-0.343136
-0.37264
-0.392291
-0.319281
-0.328749
-0.376111
-0.394586
-0.374101
-0.427284
-0.43657
-0.44398
-0.474721
-0.417638
-0.47029
-0.509694
-0.501423
-0.444044
-0.451649
-0.47459
-0.449991
-0.540902
-0.498681
-0.459382
-0.396246
-0.333957
-0.380325
-0.368564
-0.36159
-0.407168
-0.419447
-0.433792
-0.426
-0.398444
-0.340223
-0.401884
-0.408567
-0.447848
-0.430338
-0.409593
-0.437247
-0.338173
-0.410879
-0.411182
-0.423456
-0.351897
-0.380467
-0.389926
-0.415065
-0.472571
-0.394162
-0.410906
-0.370743
-0.38654
-0.373354
-0.355717
-0.40583
-0.45369
-0.46587
-0.372388
-0.34534
-0.417358
-0.456174
-0.440496
-0.442158
-0.376744
-0.417185
-0.443959
-0.423888
-0.428202
-0.45976
-0.472722
-0.441099
-0.433396
-0.375561
-0.39758
-0.342048
-0.344152
-0.326588
-0.375887
-0.405587
-0.456104
-0.432848
-0.462966
-0.437646
-0.357649
-0.354593
-0.395448
-0.415052
-0.385997
-0.330436
-0.416486
-0.45553
-0.485395
-0.481023
-0.50294
-0.449703
-0.409907
-0.386773
-0.429032
-0.431026
-0.437369
-0.454667
-0.388984
-0.389318
-0.400539
-0.404503
-0.43787
-0.444584
-0.406294
-0.366586
-0.420721
-0.406586
-0.369479
-0.424844
-0.468453
-0.401135
-0.376838
-0.398678
-0.367757
-0.402343
-0.488684
-0.422065
-0.476684
-0.50772
-0.449163
-0.409669
-0.393213
-0.464863
-0.51193
-0.519678
-0.466169
-0.417944
-0.393086
-0.390441
-0.400078
-0.370322
-0.342906
-0.342704
-0.412434
-0.405351
-0.438631
-0.365135
-0.451853
-0.432055
-0.50405
-0.473985
-0.488963
-0.453196
-0.495147
-0.48553
-0.488261
-0.55135
-0.568924
-0.534473
-0.579673
-0.534118
-0.515625
-0.480338
-0.501892
-0.499064
-0.465798
-0.518175
-0.500755
-0.475916
-0.514573
-0.516255
-0.463214
-0.443287
-0.385281
-0.368754
-0.427578
-0.392162
-0.508659
-0.435299
-0.472387
-0.437638
-0.468005
-0.386486
-0.439328
-0.40494
-0.403165
-0.430032
-0.415739
-0.412991
-0.334159
-0.347271
-0.393689
-0.359786
-0.376579
-0.353702
-0.410644
-0.412845
-0.434371
-0.444577
-0.434616
-0.433491
-0.456924
-0.570704
-0.544916
-0.530469
-0.560919
-0.510066
-0.491767
-0.466909
-0.460856
-0.448907
-0.470636
-0.509379
-0.495508
-0.440899
-0.475938
-0.484106
-0.417998
-0.328978
-0.432344
-0.414822
-0.393756
-0.41756
-0.37083
-0.440317
-0.364822
-0.415081
-0.429136
-0.391169
-0.450612
-0.431263
-0.375972
-0.389776
-0.377288
-0.349451
-0.363283
-0.307586
-0.317781
-0.359643
-0.366252
-0.418026
-0.397901
-0.383383
-0.324227
-0.344359
-0.435736
-0.438107
-0.486973
-0.421777
-0.431983
-0.399068
-0.37834
-0.37373
-0.379603
-0.475325
-0.457469
-0.445923
-0.448866
-0.386756
-0.495061
-0.461257
-0.481132
-0.350658
-0.374843
-0.377331
-0.442464
-0.444619
-0.411661
-0.433264
-0.461789
-0.484504
-0.490656
-0.530064
-0.510547
-0.523952
-0.543105
-0.434109
-0.506622
-0.468152
-0.511646
-0.574779
-0.54664
-0.53579
-0.567747
-0.49741
-0.505227
-0.464852
-0.461794
-0.493238
-0.460181
-0.374785
-0.412497
-0.329798
-0.402964
-0.473892
-0.496543
-0.455971
-0.405889
-0.393056
-0.417453
-0.405749
-0.368853
-0.355599
-0.386864
-0.348431
-0.311041
-0.310741
-0.34079
-0.353862
-0.388604
-0.406952
-0.450605
-0.454683
-0.406925
-0.433634
-0.413452
-0.457324
-0.431739
-0.435091
-0.387528
-0.382155
-0.39672
-0.340824
-0.38749
-0.456463
-0.394691
-0.449951
-0.389937
-0.4246
-0.454293
-0.460165
-0.40287
-0.463811
-0.426374
-0.435248
-0.380061
-0.345297
-0.351888
-0.313079
-0.327151
-0.354821
-0.390014
-0.469123
-0.422575
-0.474088
-0.410317
-0.390458
-0.372176
-0.414556
-0.41287
-0.466188
-0.458914
-0.428081
-0.434495
-0.414784
-0.396233
-0.471212
-0.411454
-0.402821
-0.438357
-0.417101
-0.367917
-0.401494
-0.442982
-0.469852
-0.48764
-0.44412
-0.48921
-0.40811
-0.423113
-0.415245
-0.40893
-0.425626
-0.375521
-0.391317
-0.465642
-0.396375
-0.393652
-0.396819
-0.401879
-0.386586
-0.438528
-0.386627
-0.309351
-0.328107
-0.403312
-0.417667
-0.373073
-0.370948
-0.420221
-0.450791
-0.467537
-0.495303
-0.452683
-0.450942
-0.468737
-0.489724
-0.544528
-0.492913
-0.483731
-0.538326
-0.383022
-0.40408
-0.441712
-0.47437
-0.473744
-0.411437
-0.403598
-0.380742
-0.386458
-0.395647
-0.38614
-0.358341
-0.389424
-0.43579
-0.401848
-0.418953
-0.343996
-0.355623
-0.356613
-0.362584
-0.366823
-0.399939
-0.411203
-0.444861
-0.482458
-0.470188
-0.443536
-0.457033
-0.487826
-0.390295
-0.398611
-0.313366
-0.390074
-0.383267
-0.387294
-0.446644
-0.444454
-0.457493
-0.42304
-0.36008
-0.410236
-0.424477
-0.463906
-0.441905
-0.4667
-0.502661
-0.449945
-0.437817
-0.412848
-0.504192
-0.428128
-0.403295
-0.386456
-0.377675
-0.36705
-0.4042
-0.362337
-0.413474
-0.392335
-0.392217
-0.413821
-0.411669
-0.386945
-0.380518
-0.41465
-0.395769
-0.458713
-0.419247
-0.486767
-0.479226
-0.404054
-0.421078
-0.414583
-0.376369
-0.320782
-0.445348
-0.438043
-0.413448
-0.437739
-0.388134
-0.444929
-0.399991
-0.457048
-0.502179
-0.453103
-0.476803
-0.457247
-0.445022
-0.525574
-0.462868
-0.437509
-0.486232
-0.463725
-0.545172
-0.541856
-0.482991
-0.468028
-0.432108
-0.429397
-0.430909
-0.44964
-0.454334
-0.407742
-0.420749
-0.413992
-0.43365
-0.426258
-0.434796
-0.412504
-0.364364
-0.430702
-0.44047
-0.507754
-0.450442
-0.381926
-0.503907
-0.508719
-0.472558
-0.450616
-0.496742
-0.490376
-0.478881
-0.4762
-0.508939
-0.501815
-0.534863
-0.445792
-0.446777
-0.39965
-0.374995
-0.455473
-0.431004
-0.458392
-0.462664
-0.516839
-0.438448
-0.422566
-0.390027
-0.352011
-0.348429
-0.358979
-0.432516
-0.370483
-0.373409
-0.32884
-0.362868
-0.361721
-0.390014
-0.375607
-0.37058
-0.333349
-0.325015
-0.345135
-0.428249
-0.480414
-0.47334
-0.455888
-0.449996
-0.429555
-0.409373
-0.473158
-0.503524
-0.5137
-0.445491
-0.49761
-0.466017
-0.426226
-0.452993
-0.420273
-0.353404
-0.445132
-0.412219
-0.36006
-0.419958
-0.42973
-0.371055
-0.331808
-0.288673
-0.373456
-0.408621
-0.400674
-0.408671
-0.371553
-0.383992
-0.392403
-0.355826
-0.38325
-0.351778
-0.330365
-0.386694
-0.374445
-0.355562
-0.37563
-0.336984
-0.328317
-0.349517
-0.368137
-0.335964
-0.359104
-0.370459
-0.320141
-0.384565
-0.368976
-0.408344
-0.35634
-0.379532
-0.411795
-0.371345
-0.310971
-0.284848
-0.340783
-0.366905
-0.359584
-0.451254
-0.463979
-0.490733
-0.465574
-0.486702
-0.504394
-0.547542
-0.526543
-0.5577
-0.609629
-0.539057
-0.455145
-0.451714
-0.573135
-0.638897
-0.562743
-0.568781
-0.630206
-0.541114
-0.530062
-0.45869
-0.475007
-0.529219
-0.486138
-0.466066
-0.441102
-0.394359
-0.424677
-0.405973
-0.427167
-0.404375
-0.359455
-0.397063
-0.369329
-0.384911
-0.378314
-0.295502
-0.332215
-0.388125
-0.394717
-0.393291
-0.364905
-0.365226
-0.364914
-0.325855
-0.41794
-0.371343
-0.444563
-0.405479
-0.484458
-0.416888
-0.396778
-0.40444
-0.460222
-0.354794
-0.414867
-0.47879
-0.357421
-0.396806
-0.324979
-0.32408
-0.365287
-0.454879
-0.375541
-0.35393
-0.40907
-0.440571
-0.459541
-0.496639
-0.360344
-0.334699
-0.376061
-0.362673
-0.364958
-0.417831
-0.373145
-0.373994
-0.413941
-0.409647
-0.451341
-0.452548
-0.383998
-0.338923
-0.317592
-0.306773
-0.336329
-0.346774
-0.375348
-0.418153
-0.456278
-0.421366
-0.413228
-0.408561
-0.412989
-0.400969
-0.396745
-0.371268
-0.379752
-0.410479
-0.363772
-0.38308
-0.322684
-0.362115
-0.479334
-0.513808
-0.36576
-0.436278
-0.379667
-0.375491
-0.364835
-0.432508
-0.42769
-0.412275
-0.364223
-0.500227
-0.485734
-0.476134
-0.493619
-0.406517
-0.401645
-0.38973
-0.323551
-0.346387
-0.328254
-0.330711
-0.341647
-0.424212
-0.381341
-0.400303
-0.428536
-0.393249
-0.38798
-0.382424
-0.419361
-0.457296
-0.465376
-0.333123
-0.398998
-0.398265
-0.426732
-0.402414
-0.424154
-0.383053
-0.386484
-0.403126
-0.409445
-0.480074
-0.455291
-0.399301
-0.537529
-0.434082
-0.446598
-0.392116
-0.374456
-0.397564
-0.471342
-0.512291
-0.46673
-0.481905
-0.532927
-0.531646
-0.580461
-0.531302
-0.513093
-0.473675
-0.501229
-0.542587
-0.467084
-0.509893
-0.409174
-0.360415
-0.288253
-0.32605
-0.367077
-0.392
-0.337787
-0.385546
-0.359611
-0.397769
-0.396682
-0.448675
-0.427721
-0.429475
-0.45226
-0.467299
-0.439951
-0.410009
-0.415374
-0.438911
-0.421837
-0.440929
-0.445609
-0.447327
-0.44859
-0.491303
-0.476238
-0.439093
-0.500326
-0.463908
-0.535663
-0.522059
-0.504538
-0.532184
-0.524717
-0.53383
-0.545104
-0.61793
-0.561885
-0.535493
-0.512392
-0.449866
-0.457347
-0.480428
-0.523619
-0.500984
-0.519043
-0.493925
-0.511045
-0.516081
-0.528367
-0.587021
-0.492301
-0.471417
-0.418891
-0.519153
-0.445952
-0.488155
-0.396321
-0.395029
-0.375134
-0.391716
-0.395661
-0.450243
-0.442927
-0.429177
-0.438989
-0.483609
-0.470389
-0.413659
-0.443717
-0.39621
-0.435465
-0.390146
-0.431544
-0.433714
-0.390151
-0.460165
-0.419189
-0.438032
-0.382375
-0.455694
-0.404101
-0.393174
-0.424911
-0.413346
-0.447546
-0.404553
-0.423897
-0.371987
-0.407477
-0.454803
-0.408546
-0.455418
-0.502227
-0.453116
-0.41477
-0.409282
-0.428521
-0.434667
-0.527779
-0.374367
-0.361208
-0.363402
-0.384101
-0.35721
-0.417005
-0.430094
-0.468365
-0.474149
-0.447955
-0.443396
-0.420613
-0.401612
-0.406214
-0.429477
-0.396102
-0.405259
-0.380997
-0.40157
-0.392595
-0.421566
-0.432513
-0.382307
-0.398819
-0.409119
-0.401087
-0.451471
-0.40145
-0.4068
-0.382568
-0.442946
-0.383641
-0.364805
-0.386134
-0.42576
-0.385054
-0.397224
-0.432934
-0.397756
-0.423335
-0.379173
-0.351401
-0.385366
-0.45712
-0.48187
-0.436271
-0.435552
-0.413385
-0.479322
-0.401625
-0.386834
-0.379199
-0.343549
-0.389318
-0.392611
-0.425689
-0.426182
-0.436186
-0.414309
-0.439363
-0.353451
-0.362353
-0.401246
-0.35394
-0.382109
-0.403493
-0.391274
-0.43859
-0.391012
-0.443538
-0.344303
-0.343052
-0.40138
-0.43815
-0.462101
-0.41717
-0.372415
-0.339462
-0.397898
-0.364577
-0.360945
-0.410445
-0.41164
-0.42058
-0.447857
-0.50294
-0.461623
-0.453438
-0.396609
-0.349501
-0.407459
-0.312023
-0.350702
-0.370213
-0.348359
-0.381971
-0.422528
-0.379498
-0.38183
-0.40161
-0.478805
-0.412703
-0.403977
-0.408807
-0.449094
-0.466174
-0.474019
-0.494736
-0.396533
-0.396401
-0.335917
-0.337944
-0.362888
-0.403768
-0.410108
-0.389151
-0.396193
-0.369348
-0.376101
-0.355398
-0.374197
-0.401265
-0.397735
-0.410275
-0.458149
-0.384721
-0.329929
-0.326795
-0.342557
-0.36411
-0.35311
-0.347138
-0.343449
-0.387113
-0.413507
-0.380404
-0.406033
-0.428077
-0.396629
-0.407616
-0.388227
-0.389316
-0.470652
-0.42631
-0.455482
-0.41881
-0.365468
-0.342476
-0.353861
-0.346754
-0.336906
-0.381122
-0.432013
-0.381989
-0.518293
-0.473837
-0.496091
-0.492095
-0.497518
-0.512711
-0.488445
-0.494561
-0.44231
-0.436617
-0.470042
-0.410604
-0.355415
-0.395996
-0.321225
-0.329816
-0.314186
-0.390733
-0.398201
-0.373373
-0.366449
-0.374238
-0.426409
-0.343853
-0.418256
-0.406834
-0.411313
-0.361516
-0.4517
-0.356118
-0.462079
-0.431623
-0.481537
-0.4736
-0.451014
-0.478206
-0.565851
-0.602944
-0.550647
-0.567918
-0.506314
-0.455189
-0.495921
-0.481282
-0.479956
-0.452683
-0.498587
-0.416033
-0.377287
-0.386345
-0.384495
-0.392355
-0.361522
-0.405128
-0.377162
-0.405909
-0.315625
-0.36437
-0.432462
-0.444488
-0.439254
-0.470555
-0.465182
-0.417762
-0.36168
-0.407014
-0.413771
-0.435704
-0.439392
-0.450795
-0.318139
-0.351322
-0.351609
-0.342196
-0.366277
-0.361676
-0.426513
-0.394881
-0.450149
-0.407809
-0.391125
-0.434624
-0.415133
-0.425504
-0.429481
-0.402581
-0.397428
-0.369174
-0.363353
-0.447274
-0.42028
-0.400889
-0.371554
-0.328504
-0.324155
-0.283024
-0.305491
-0.347815
-0.364797
-0.4242
-0.408135
-0.365387
-0.371488
-0.393413
-0.312605
-0.36667
-0.406409
-0.43004
-0.404393
-0.423347
-0.441256
-0.438066
-0.386966
-0.417293
-0.430648
-0.391392
-0.413517
-0.443146
-0.309411
-0.377929
-0.391204
-0.365729
-0.422801
-0.372397
-0.34535
-0.412891
-0.410089
-0.284628
-0.380085
-0.467085
-0.442888
-0.385969
-0.399922
-0.359965
-0.393878
-0.44336
-0.469216
-0.532356
-0.425348
-0.4157
-0.403414
-0.373658
-0.40358
-0.461138
-0.38345
-0.374051
-0.412537
-0.454807
-0.507314
-0.504711
-0.433381
-0.406748
-0.455751
-0.478022
-0.473843
-0.517961
-0.460793
-0.454408
-0.414319
-0.466975
-0.462489
-0.449379
-0.39392
-0.396541
-0.419328
-0.440107
-0.456276
-0.418231
-0.378077
-0.361787
-0.391482
-0.418348
-0.433662
-0.457786
-0.465414
-0.449546
-0.464409
-0.485879
-0.527242
-0.509727
-0.548307
-0.60335
-0.515042
-0.495789
-0.506358
-0.440224
-0.467743
-0.46125
-0.498407
-0.516156
-0.406342
-0.449359
-0.427348
-0.404674
-0.461807
-0.448236
-0.474905
-0.478023
-0.455626
-0.452978
-0.422227
-0.320837
-0.362034
-0.344951
-0.427896
-0.386729
-0.39335
-0.37631
-0.439168
-0.460881
-0.378752
-0.38556
-0.335112
-0.297133
-0.315599
-0.342711
-0.374298
-0.426993
-0.440893
-0.39324
-0.404908
-0.390445
-0.480428
-0.40129
-0.438271
-0.377664
-0.38799
-0.383145
-0.24985
-0.308269
-0.304271
-0.289442
-0.314595
-0.406332
-0.434291
-0.399593
-0.43749
-0.420702
-0.412554
-0.46312
-0.441334
-0.417083
-0.390317
-0.401768
-0.409788
-0.401495
-0.457442
-0.426229
-0.457383
-0.309925
-0.363051
-0.363148
-0.350719
-0.464181
-0.422746
-0.406833
-0.402412
-0.349994
-0.359171
-0.335922
-0.336743
-0.321964
-0.316481
-0.374095
-0.371021
-0.410184
-0.398568
-0.425349
-0.388246
-0.434214
-0.429568
-0.386358
-0.415444
-0.442706
-0.416845
-0.483026
-0.369972
-0.437019
-0.478321
-0.449689
-0.413958
-0.480552
-0.478463
-0.477729
-0.426352
-0.458582
-0.475263
-0.426011
-0.424838
-0.469401
-0.431103
-0.390896
-0.438177
-0.380951
-0.443437
-0.457329
-0.456085
-0.416023
-0.426878
-0.433243
-0.424695
-0.392615
-0.460093
-0.428076
-0.428605
-0.370545
-0.402103
-0.364966
-0.336163
-0.34536
-0.363545
-0.367138
-0.362751
-0.34213
-0.352262
-0.375511
-0.370601
-0.35462
-0.389988
-0.395221
-0.401056
-0.455507
-0.462344
-0.379425
-0.384677
-0.37037
-0.364145
-0.353004
-0.43771
-0.446663
-0.419212
-0.409486
-0.431524
-0.395673
-0.383693
-0.391288
-0.369105
-0.405697
-0.375337
-0.351358
-0.367919
-0.33891
-0.324664
-0.297327
-0.359561
-0.371155
-0.454067
-0.442586
-0.453274
-0.490129
-0.48652
-0.385716
-0.432139
-0.366405
-0.401045
-0.423238
-0.426584
-0.399735
-0.400768
-0.455964
-0.417702
-0.420501
-0.429944
-0.424433
-0.407336
-0.428217
-0.426128
-0.371485
-0.417364
-0.415663
-0.357396
-0.411977
-0.419484
-0.389659
-0.3861
-0.328577
-0.362439
-0.337055
-0.469427
-0.45355
-0.403343
-0.405761
-0.387151
-0.455029
-0.466642
-0.464055
-0.394784
-0.504853
-0.43032
-0.456874
-0.469225
-0.453436
-0.473057
-0.500551
-0.429307
-0.385415
-0.322163
-0.387793
-0.456018
-0.434282
-0.371903
-0.372564
-0.337683
-0.337516
-0.392854
-0.399729
-0.391891
-0.458211
-0.447029
-0.430711
-0.488401
-0.504418
-0.438466
-0.400671
-0.365979
-0.425316
-0.430907
-0.421557
-0.49267
-0.419311
-0.463231
-0.441415
-0.468619
-0.453634
-0.383848
-0.360722
-0.333209
-0.352759
-0.373439
-0.362986
-0.385887
-0.402666
-0.393402
-0.357444
-0.360579
-0.320146
-0.294241
-0.365609
-0.358784
-0.301289
-0.373772
-0.388685
-0.378017
-0.364412
-0.430132
-0.418645
-0.458599
-0.382827
-0.41563
-0.422736
-0.351525
-0.325027
-0.312242
-0.41566
-0.358551
-0.410279
-0.404057
-0.38066
-0.37269
-0.342924
-0.328492
-0.428422
-0.460088
-0.512652
-0.479433
-0.535852
-0.510665
-0.449849
-0.44619
-0.43863
-0.448763
-0.415082
-0.379045
-0.380315
-0.356554
-0.352148
-0.374198
-0.387673
-0.396924
-0.377702
-0.364981
-0.379675
-0.393299
-0.374973
-0.401049
-0.463515
-0.431161
-0.379515
-0.41552
-0.472972
-0.383865
-0.332009
-0.39342
-0.431993
-0.39611
-0.430824
-0.350719
-0.362116
-0.376028
-0.403125
-0.349814
-0.304692
-0.316187
-0.364685
-0.309042
-0.404515
-0.376053
-0.412227
-0.400906
-0.409896
-0.485601
-0.465397
-0.420301
-0.417324
-0.366363
-0.414498
-0.366953
-0.368441
-0.347746
-0.40526
-0.370337
-0.356325
-0.366528
-0.408864
-0.375165
-0.343946
-0.336648
-0.339292
-0.359923
-0.433522
-0.380374
-0.409539
-0.429595
-0.375227
-0.453176
-0.460499
-0.432262
-0.421641
-0.367079
-0.322412
-0.430776
-0.435352
-0.4242
-0.417547
-0.466494
-0.480202
-0.490176
-0.495922
-0.487053
-0.460053
-0.434028
-0.476237
-0.517384
-0.47509
-0.440364
-0.387347
-0.381654
-0.302712
-0.357841
-0.377479
-0.367212
-0.360934
-0.329547
-0.427968
-0.382321
-0.432735
-0.391552
-0.452755
-0.400091
-0.411098
-0.413259
-0.419596
-0.410652
-0.43328
-0.389907
-0.46302
-0.401884
-0.40584
-0.39385
-0.445183
-0.441217
-0.440163
-0.454997
-0.404546
-0.457517
-0.372946
-0.379447
-0.345749
-0.375554
-0.396348
-0.435402
-0.479915
-0.390225
-0.416265
-0.459101
-0.4773
-0.460262
-0.523585
-0.369686
-0.381453
-0.434819
-0.375999
-0.439827
-0.459966
-0.425342
-0.417487
-0.351054
-0.415989
-0.430002
-0.468124
-0.43728
-0.404304
-0.440787
-0.406553
-0.39425
-0.377004
-0.469438
-0.443838
-0.37988
-0.420663
-0.372522
-0.404161
-0.42165
-0.388717
-0.390838
-0.384666
-0.380738
-0.362904
-0.465704
-0.444805
-0.44912
-0.538736
-0.510396
-0.531819
-0.486758
-0.436474
-0.423801
-0.396026
-0.414414
-0.405991
-0.377114
-0.374165
-0.401678
-0.408134
-0.331886
-0.333791
-0.371494
-0.355064
-0.338947
-0.325189
-0.423844
-0.356005
-0.431591
-0.465398
-0.471452
-0.436164
-0.425558
-0.396571
-0.418553
-0.419355
-0.476265
-0.470139
-0.490065
-0.498146
-0.450093
-0.439675
-0.385285
-0.430771
-0.350924
-0.385766
-0.376009
-0.471719
-0.394531
-0.354018
-0.348523
-0.297891
-0.314441
-0.329627
-0.35786
-0.389404
-0.332919
-0.345132
-0.416155
-0.309243
-0.300259
-0.357563
-0.353032
-0.430794
-0.355467
-0.405627
-0.383167
-0.375592
-0.41948
-0.43027
-0.447417
-0.418593
-0.394148
-0.361605
-0.435801
-0.375884
-0.355252
-0.372036
-0.361222
-0.362234
-0.37309
-0.363827
-0.351256
-0.373271
-0.345428
-0.364011
-0.351781
-0.357131
-0.37279
-0.400424
-0.390782
-0.391188
-0.361913
-0.393116
-0.407134
-0.422439
-0.403657
-0.416885
-0.457114
-0.42522
-0.409336
-0.456513
-0.473505
-0.426893
-0.488441
-0.45705
-0.459035
-0.383541
-0.460151
-0.432932
-0.448309
-0.477468
-0.444831
-0.491851
-0.462973
-0.419846
-0.434587
-0.368131
-0.306911
-0.345515
-0.330176
-0.447711
-0.499733
-0.48662
-0.55875
-0.478883
-0.443674
-0.381219
-0.438459
-0.405106
-0.385253
-0.422641
-0.403873
-0.399234
-0.378782
-0.395522
-0.388252
-0.45008
-0.393549
-0.416132
-0.450023
-0.460249
-0.462071
-0.359945
-0.415819
-0.340379
-0.328398
-0.310851
-0.281506
-0.350704
-0.387788
-0.390188
-0.382523
-0.327793
-0.319338
-0.344047
-0.345648
-0.339685
-0.349006
-0.414229
-0.34786
-0.363681
-0.39532
-0.382642
-0.526767
-0.476648
-0.443665
-0.365514
-0.330293
-0.31105
-0.348165
-0.364772
-0.348918
-0.367259
-0.435741
-0.441648
-0.46012
-0.410862
-0.40736
-0.416472
-0.372457
-0.402635
-0.378414
-0.399182
-0.382416
-0.450154
-0.460626
-0.497521
-0.429065
-0.475436
-0.527415
-0.479896
-0.512116
-0.395772
-0.508337
-0.514467
-0.469476
-0.474725
-0.530933
-0.597284
-0.544512
-0.515972
-0.503304
-0.472601
-0.499018
-0.492896
-0.491939
-0.588277
-0.631679
-0.545166
-0.444093
-0.469935
-0.435044
-0.417778
-0.422128
-0.510337
-0.449331
-0.44062
-0.457354
-0.467183
-0.389677
-0.395616
-0.385741
-0.429807
-0.434977
-0.44778
-0.431237
-0.405083
-0.433007
-0.47595
-0.504894
-0.454591
-0.52417
-0.525606
-0.503426
-0.4667
-0.414978
-0.393115
-0.456137
-0.378216
-0.473718
-0.459102
-0.519542
-0.525954
-0.480416
-0.411037
-0.454268
-0.437608
-0.461652
-0.356515
-0.31511
-0.335672
-0.371652
-0.366447
-0.376988
-0.374241
-0.429991
-0.504794
-0.48907
-0.430852
-0.37968
-0.412612
-0.442762
-0.383845
-0.396022
-0.452024
-0.506083
-0.490193
-0.371845
-0.415238
-0.369305
-0.354942
-0.365028
-0.373431
-0.389935
-0.37965
-0.45306
-0.506179
-0.492752
-0.454067
-0.45624
-0.419779
-0.336117
-0.335719
-0.420197
-0.411691
-0.373856
-0.406455
-0.42619
-0.385227
-0.344975
-0.402039
-0.359334
-0.409367
-0.3984
-0.387285
-0.366823
-0.407245
-0.465098
-0.44438
-0.389957
-0.412473
-0.351635
-0.348763
-0.458752
-0.441143
-0.351283
-0.398945
-0.357998
-0.352959
-0.378633
-0.431091
-0.349409
-0.4096
-0.397453
-0.411002
-0.359664
-0.372081
-0.397464
-0.418269
-0.418695
-0.499732
-0.525662
-0.473505
-0.448253
-0.459535
-0.449895
-0.414549
-0.462442
-0.437517
-0.339054
-0.448789
-0.411212
-0.410201
-0.377885
-0.455234
-0.402619
-0.38508
-0.416273
-0.414521
-0.420117
-0.447904
-0.462092
-0.482414
-0.461097
-0.408818
-0.422811
-0.426861
-0.414381
-0.406496
-0.398004
-0.43913
-0.390586
-0.418628
-0.443119
-0.457382
-0.404348
-0.465357
-0.473927
-0.340974
-0.408453
-0.372874
-0.402897
-0.398167
-0.405942
-0.388555
-0.380681
-0.434109
-0.406745
-0.444135
-0.402902
-0.416602
-0.360841
-0.430106
-0.426716
-0.42457
-0.439199
-0.428062
-0.379065
-0.387342
-0.382091
-0.383838
-0.368269
-0.357951
-0.417093
-0.371821
-0.424911
-0.418529
-0.330179
-0.339044
-0.34785
-0.341178
-0.304721
-0.364064
-0.406049
-0.441247
-0.366719
-0.358661
-0.371005
-0.409029
-0.415325
-0.357476
-0.297736
-0.308086
-0.352547
-0.379244
-0.392181
-0.351254
-0.376888
-0.347126
-0.337433
-0.344905
-0.332511
-0.300463
-0.312209
-0.453829
-0.406314
-0.373365
-0.377044
-0.447942
-0.410003
-0.459271
-0.430894
-0.410774
-0.39527
-0.35751
-0.440385
-0.460938
-0.397443
-0.349774
-0.372606
-0.390237
-0.429308
-0.419828
-0.434913
-0.371667
-0.325801
-0.356885
-0.407163
-0.458422
-0.473595
-0.468801
-0.567666
-0.472502
-0.492048
-0.479011
-0.437627
-0.401323
-0.353888
-0.444208
-0.394257
-0.464006
-0.513907
-0.475363
-0.516579
-0.505073
-0.441121
-0.447247
-0.437404
-0.481951
-0.413784
-0.385036
-0.388288
-0.351016
-0.351179
-0.332309
-0.441182
-0.364618
-0.389491
-0.43929
-0.440721
-0.482404
-0.459057
-0.423804
-0.43773
-0.460024
-0.458326
-0.498404
-0.521254
-0.514511
-0.496804
-0.404087
-0.423477
-0.394336
-0.363271
-0.360381
-0.368962
-0.413553
-0.398539
-0.403676
-0.376274
-0.405899
-0.397318
-0.355545
-0.454218
-0.465614
-0.415852
-0.325694
-0.308864
-0.402391
-0.380243
-0.359326
-0.343277
-0.354465
-0.36738
-0.364758
-0.361492
-0.400241
-0.406136
-0.433321
-0.404424
-0.385896
-0.406947
-0.375259
-0.357502
-0.376453
-0.378565
-0.429878
-0.408058
-0.347365
-0.384038
-0.401232
-0.441134
-0.436437
-0.385204
-0.414527
-0.400812
-0.369811
-0.448132
-0.376851
-0.45498
-0.387632
-0.482807
-0.537741
-0.571845
-0.484815
-0.455019
-0.475347
-0.425817
-0.470816
-0.43288
-0.393705
-0.385101
-0.37141
-0.372348
-0.382821
-0.361066
-0.382508
-0.319257
-0.385525
-0.401579
-0.348004
-0.387563
-0.401848
-0.444078
-0.399117
-0.345248
-0.336704
-0.352885
-0.364725
-0.412291
-0.453405
-0.476046
-0.436978
-0.439129
-0.447843
-0.433616
-0.429459
-0.45258
-0.405481
-0.443277
-0.385362
-0.395668
-0.385245
-0.413679
-0.355981
-0.380473
-0.389126
-0.414807
-0.386237
-0.414292
-0.388736
-0.428337
-0.42208
-0.38111
-0.416581
-0.463976
-0.446659
-0.39011
-0.362095
-0.349787
-0.374137
-0.412928
-0.349361
-0.332489
-0.361823
-0.419017
-0.392982
-0.381603
-0.450718
-0.511438
-0.531083
-0.474182
-0.439262
-0.457414
-0.445675
-0.45306
-0.408039
-0.383765
-0.396086
-0.395613
-0.416607
-0.422887
-0.392233
-0.369116
-0.394329
-0.34226
-0.416092
-0.403843
-0.425305
-0.354887
-0.350248
-0.359759
-0.383614
-0.396839
-0.414357
-0.359638
-0.344814
-0.381196
-0.400376
-0.365595
-0.380133
-0.392748
-0.395204
-0.379869
-0.343769
-0.395211
-0.3957
-0.364554
-0.397742
-0.342282
-0.455947
-0.529768
-0.443461
-0.437608
-0.405302
-0.396494
-0.462174
-0.440907
-0.444428
-0.465929
-0.449574
-0.399235
-0.323538
-0.346574
-0.365005
-0.372145
-0.370745
-0.452686
-0.440332
-0.39569
-0.424435
-0.389365
-0.372226
-0.372219
-0.383555
-0.411998
-0.36237
-0.410704
-0.441467
-0.485704
-0.463708
-0.351767
-0.408826
-0.402703
-0.36712
-0.449821
-0.495873
-0.534822
-0.481822
-0.461963
-0.427215
-0.476029
-0.498594
-0.466949
-0.487357
-0.507414
-0.50503
-0.445279
-0.389259
-0.4446
-0.33393
-0.423783
-0.428512
-0.422556
-0.475959
-0.528535
-0.412768
-0.364553
-0.367299
-0.474797
-0.445002
-0.439047
-0.446834
-0.401939
-0.394274
-0.351046
-0.406808
-0.360535
-0.305942
-0.324676
-0.294676
-0.414186
-0.444309
-0.412565
-0.385576
-0.401199
-0.412684
-0.40564
-0.401377
-0.385748
-0.433281
-0.458489
-0.496294
-0.415417
-0.477712
-0.447196
-0.449896
-0.44432
-0.426871
-0.385949
-0.435962
-0.378263
-0.344238
-0.398873
-0.424327
-0.348112
-0.452908
-0.440087
-0.419297
-0.400404
-0.379354
-0.454759
-0.406236
-0.363224
-0.39468
-0.377833
-0.452318
-0.403614
-0.385188
-0.427583
-0.492658
-0.472746
-0.352834
-0.330287
-0.375653
-0.406328
-0.429054
-0.295471
-0.34433
-0.427416
-0.487742
-0.472534
-0.381172
-0.424851
-0.357331
-0.289743
-0.326416
-0.316969
-0.341996
-0.33113
-0.4078
-0.46003
-0.422784
-0.430395
-0.454178
-0.467641
-0.385211
-0.404638
-0.436689
-0.489053
-0.49595
-0.501298
-0.489343
-0.453176
-0.428125
-0.398131
-0.344373
-0.304021
-0.319759
-0.316519
-0.417275
-0.391372
-0.368057
-0.416414
-0.455959
-0.46725
-0.488082
-0.420338
-0.346006
-0.361936
-0.345934
-0.33055
-0.335228
-0.342461
-0.386811
-0.440744
-0.425504
-0.424032
-0.385537
-0.41432
-0.473094
-0.493273
-0.466672
-0.430441
-0.404743
-0.365503
-0.403185
-0.503427
-0.51968
-0.538038
-0.577951
-0.543867
-0.54588
-0.529135
-0.493933
-0.437234
-0.383147
-0.384195
-0.380097
-0.339516
-0.340903
-0.351446
-0.456854
-0.427649
-0.413076
-0.391705
-0.48
-0.462157
-0.499327
-0.513337
-0.476366
-0.442348
-0.472529
-0.398525
-0.424543
-0.434858
-0.413083
-0.428349
-0.41536
-0.388807
-0.388464
-0.36785
-0.402568
-0.409772
-0.396707
-0.398635
-0.474846
-0.494526
-0.468009
-0.439458
-0.376009
-0.393952
-0.474412
-0.51671
-0.473644
-0.46696
-0.396033
-0.330035
-0.335202
-0.341384
-0.362155
-0.384722
-0.345396
-0.363038
-0.331933
-0.389784
-0.4169
-0.409725
-0.434207
-0.454841
-0.463004
-0.422595
-0.406904
-0.384736
-0.388938
-0.377888
-0.341156
-0.401124
-0.403252
-0.397728
-0.46864
-0.476197
-0.452053
-0.411348
-0.370792
-0.456817
-0.404383
-0.422373
-0.406822
-0.38818
-0.383697
-0.423107
-0.417242
-0.431988
-0.411319
-0.410423
-0.424205
-0.450205
-0.443581
-0.469662
-0.499825
-0.402844
-0.469066
-0.506296
-0.49234
-0.399845
-0.345998
-0.32029
-0.291531
-0.352318
-0.391866
-0.39438
-0.461479
-0.416751
-0.438367
-0.427543
-0.434992
-0.352406
-0.376349
-0.372193
-0.422655
-0.424692
-0.363529
-0.344704
-0.368709
-0.399846
-0.387635
-0.37114
-0.359583
-0.429045
-0.411051
-0.381027
-0.406013
-0.367791
-0.314169
-0.337077
-0.414926
-0.487525
-0.464793
-0.487176
-0.496317
-0.387447
-0.458552
-0.48338
-0.52838
-0.445476
-0.497085
-0.468032
-0.411063
-0.37764
-0.343755
-0.369529
-0.327434
-0.331964
-0.352116
-0.392529
-0.357608
-0.41233
-0.376577
-0.462332
-0.35334
-0.395242
-0.445494
-0.489369
-0.467364
-0.481031
-0.446725
-0.383138
-0.421311
-0.360372
-0.356987
-0.428373
-0.365575
-0.312969
-0.324989
-0.366107
-0.304472
-0.273997
-0.367449
-0.323824
-0.397327
-0.475173
-0.40016
-0.424453
-0.421716
-0.454126
-0.412338
-0.340444
-0.395299
-0.445847
-0.415542
-0.36115
-0.340535
-0.311381
-0.347685
-0.319208
-0.292843
-0.374659
-0.376494
-0.402321
-0.441407
-0.447655
-0.331075
-0.356198
-0.416942
-0.446809
-0.443018
-0.429637
-0.358433
-0.311976
-0.302629
-0.406919
-0.346754
-0.380016
-0.35783
-0.434354
-0.466648
-0.444702
-0.471608
-0.382223
-0.33815
-0.384735
-0.391337
-0.403452
-0.359105
-0.351988
-0.322882
-0.382347
-0.387601
-0.41551
-0.378425
-0.354252
-0.411327
-0.400884
-0.420529
-0.476384
-0.40747
-0.446526
-0.402755
-0.414796
-0.424601
-0.485947
-0.521115
-0.438919
-0.445992
-0.457012
-0.514409
-0.466564
-0.441273
-0.382781
-0.468647
-0.438775
-0.49892
-0.444126
-0.348528
-0.393389
-0.438023
-0.474343
-0.482084
-0.498232
-0.417267
-0.407764
-0.440989
-0.423417
-0.382354
-0.415365
-0.422754
-0.338686
-0.374867
-0.388265
-0.38798
-0.462463
-0.560953
-0.52284
-0.480519
-0.479035
-0.454421
-0.424025
-0.425782
-0.39945
-0.453883
-0.506633
-0.460665
-0.377392
-0.472279
-0.424243
-0.437845
-0.423902
-0.396265
-0.465592
-0.498259
-0.457338
-0.414534
-0.42704
-0.430027
-0.38561
-0.393806
-0.438734
-0.335376
-0.388186
-0.38446
-0.377148
-0.422649
-0.39502
-0.448335
-0.417225
-0.426786
-0.429504
-0.445311
-0.472506
-0.376027
-0.359284
-0.420259
-0.379015
-0.392424
-0.403992
-0.407945
-0.494516
-0.446203
-0.328258
-0.358189
-0.423681
-0.406321
-0.372889
-0.370741
-0.419251
-0.429426
-0.453089
-0.394916
-0.334083
-0.350093
-0.311414
-0.369219
-0.381627
-0.426455
-0.439417
-0.418223
-0.461263
-0.393978
-0.431918
-0.396766
-0.43388
-0.383622
-0.381932
-0.404175
-0.407436
-0.316336
-0.367234
-0.369059
-0.431938
-0.384551
-0.410157
-0.404086
-0.423459
-0.378077
-0.389517
-0.432011
-0.499297
-0.483101
-0.431308
-0.431314
-0.405696
-0.395644
-0.41566
-0.423458
-0.434917
-0.435642
-0.407415
-0.363611
-0.359114
-0.36035
-0.409128
-0.38663
-0.395639
-0.444212
-0.334634
-0.324751
-0.346282
-0.297871
-0.352864
-0.350781
-0.348678
-0.326161
-0.393651
-0.401136
-0.417579
-0.455388
-0.437037
-0.40519
-0.412052
-0.426379
-0.430662
-0.414068
-0.379044
-0.339523
-0.449416
-0.39226
-0.373287
-0.375769
-0.349944
-0.314756
-0.348222
-0.395241
-0.433627
-0.392126
-0.412158
-0.396947
-0.424838
-0.450693
-0.502666
-0.555807
-0.528286
-0.538648
-0.518775
-0.471572
-0.411594
-0.409124
-0.507562
-0.42583
-0.406957
-0.463076
-0.539832
-0.432626
-0.374013
-0.366878
-0.514329
-0.55351
-0.51697
-0.519548
-0.514469
-0.420834
-0.416719
-0.496534
-0.469066
-0.407665
-0.375628
-0.387124
-0.451603
-0.393582
-0.369455
-0.457693
-0.40718
-0.410706
-0.351604
-0.429133
-0.44095
-0.448338
-0.425816
-0.421467
-0.450366
-0.482286
-0.340535
-0.372081
-0.382994
-0.423326
-0.385334
-0.398377
-0.416955
-0.397106
-0.420203
-0.4074
-0.344069
-0.383016
-0.403977
-0.460744
-0.376654
-0.456415
-0.410785
-0.393081
-0.347073
-0.385145
-0.387804
-0.398683
-0.367976
-0.420167
-0.447812
-0.389321
-0.328257
-0.344376
-0.341095
-0.436409
-0.408754
-0.523753
-0.515418
-0.483757
-0.434001
-0.484981
-0.512665
-0.590556
-0.51617
-0.469186
-0.495692
-0.392138
-0.452541
-0.517381
-0.530134
-0.521993
-0.448011
-0.446453
-0.443799
-0.434064
-0.474378
-0.506764
-0.468142
-0.353937
-0.468534
-0.417644
-0.363038
-0.358902
-0.355217
-0.379091
-0.4102
-0.397137
-0.375283
-0.353106
-0.422008
-0.432514
-0.485516
-0.458108
-0.479514
-0.446338
-0.456803
-0.47363
-0.482885
-0.407806
-0.350618
-0.416594
-0.35406
-0.360759
-0.405054
-0.408593
-0.440307
-0.46284
-0.428081
-0.356756
-0.48104
-0.529565
-0.547024
-0.499732
-0.503863
-0.548426
-0.468251
-0.426415
-0.371464
-0.407009
-0.350359
-0.34404
-0.334974
-0.342392
-0.325674
-0.344072
-0.352945
-0.337426
-0.390825
-0.345827
-0.376903
-0.433887
-0.45093
-0.461
-0.42913
-0.409415
-0.4516
-0.439086
-0.398278
-0.392822
-0.438284
-0.502707
-0.519192
-0.485281
-0.538784
-0.556171
-0.464945
-0.459449
-0.4565
-0.439096
-0.434649
-0.428994
-0.392601
-0.344039
-0.394606
-0.418426
-0.381005
-0.380181
-0.337039
-0.346729
-0.337904
-0.391808
-0.380994
-0.335537
-0.326951
-0.334495
-0.403369
-0.414425
-0.358896
-0.341705
-0.409053
-0.347232
-0.355279
-0.370337
-0.403676
-0.406446
-0.379643
-0.38054
-0.374816
-0.430912
-0.39724
-0.445942
-0.412565
-0.404011
-0.408223
-0.482799
-0.415147
-0.386323
-0.362823
-0.36862
-0.390625
-0.416717
-0.413551
-0.392506
-0.346013
-0.351338
-0.386848
-0.379482
-0.290911
-0.304302
-0.316417
-0.346749
-0.375159
-0.321037
-0.424831
-0.421382
-0.385344
-0.41576
-0.385813
-0.386644
-0.409038
-0.44136
-0.425093
-0.402416
-0.363607
-0.383672
-0.406488
-0.398444
-0.406604
-0.381509
-0.419656
-0.416234
-0.418376
-0.494536
-0.5059
-0.515856
-0.415706
-0.427881
-0.40405
-0.429878
-0.456523
-0.459068
-0.420663
-0.503441
-0.468014
-0.547572
-0.544408
-0.488509
-0.554666
-0.543828
-0.523872
-0.514885
-0.509424
-0.429403
-0.418635
-0.462627
-0.430293
-0.497669
-0.431428
-0.392407
-0.377952
-0.395441
-0.461827
-0.419542
-0.402118
-0.339312
-0.272994
-0.432111
-0.434765
-0.397155
-0.416858
-0.428296
-0.464626
-0.4428
-0.443416
-0.458907
-0.440466
-0.481252
-0.501486
-0.476795
-0.447015
-0.480602
-0.343758
-0.377863
-0.345041
-0.321406
-0.393778
-0.415493
-0.400683
-0.347672
-0.37377
-0.403806
-0.437439
-0.408745
-0.450915
-0.399792
-0.466228
-0.456339
-0.435818
-0.332502
-0.394899
-0.375047
-0.326129
-0.266915
-0.300522
-0.353394
-0.327868
-0.336407
-0.347433
-0.390459
-0.423588
-0.376412
-0.381559
-0.366717
-0.447496
-0.431086
-0.392209
-0.421951
-0.402601
-0.418431
-0.424328
-0.312337
-0.382537
-0.381945
-0.354884
-0.473364
-0.473972
-0.502998
-0.460497
-0.387786
-0.348928
-0.420545
-0.443439
-0.45743
-0.408624
-0.376292
-0.385284
-0.336691
-0.365729
-0.436879
-0.438713
-0.415192
-0.366058
-0.309521
-0.374437
-0.37586
-0.353257
-0.378053
-0.321735
-0.351521
-0.325743
-0.371641
-0.401436
-0.394242
-0.355295
-0.351113
-0.417978
-0.467689
-0.530289
-0.484096
-0.396244
-0.417984
-0.394449
-0.419487
-0.483339
-0.43785
-0.449416
-0.438657
-0.457777
-0.415521
-0.428609
-0.457648
-0.495833
-0.399488
-0.351663
-0.430413
-0.402644
-0.407793
-0.39853
-0.413391
-0.39506
-0.424451
-0.449183
-0.440904
-0.403416
-0.370604
-0.391206
-0.414134
-0.46797
-0.423802
-0.405685
-0.298011
-0.382343
-0.385649
-0.343035
-0.304491
-0.309941
-0.389871
-0.423985
-0.407166
-0.398983
-0.404748
-0.391175
-0.354725
-0.371464
-0.343612
-0.337381
-0.425008
-0.407341
-0.357638
-0.305958
-0.3842
-0.34606
-0.362792
-0.367488
-0.368746
-0.40697
-0.368706
-0.395057
-0.407676
-0.347607
-0.313225
-0.34871
-0.321585
-0.3828
-0.383252
-0.411211
-0.513297
-0.522231
-0.435052
-0.5071
-0.541258
-0.541157
-0.510548
-0.489123
-0.44403
-0.419197
-0.443735
-0.432589
-0.396594
-0.404033
-0.501991
-0.430928
-0.478805
-0.403132
-0.400597
-0.418499
-0.37312
-0.294865
-0.415343
-0.435448
-0.439857
-0.439713
-0.479553
-0.37859
-0.476761
-0.400472
-0.425499
-0.407181
-0.416598
-0.431717
-0.447163
-0.391814
-0.41555
-0.386361
-0.419209
-0.389795
-0.388759
-0.402625
-0.453234
-0.445718
-0.430841
-0.391985
-0.323178
-0.337012
-0.334433
-0.314362
-0.374147
-0.404358
-0.428346
-0.431239
-0.442575
-0.462836
-0.412972
-0.397394
-0.345407
-0.332306
-0.376628
-0.382427
-0.482289
-0.457736
-0.412867
-0.447035
-0.445802
-0.475731
-0.491185
-0.493894
-0.478604
-0.448667
-0.454989
-0.449274
-0.370499
-0.417799
-0.423047
-0.375275
-0.349733
-0.361938
-0.381384
-0.357737
-0.409917
-0.394907
-0.373957
-0.361136
-0.332771
-0.372962
-0.362298
-0.357215
-0.352574
-0.417847
-0.351604
-0.427532
-0.365813
-0.411447
-0.419729
-0.423146
-0.450763
-0.456432
-0.458978
-0.497683
-0.479458
-0.428658
-0.41272
-0.352656
-0.374027
-0.380925
-0.389904
-0.396839
-0.384054
-0.43073
-0.418848
-0.44979
-0.412299
-0.380956
-0.396144
-0.391424
-0.36591
-0.363952
-0.380567
-0.406151
-0.421167
-0.381088
-0.430128
-0.442424
-0.455659
-0.474157
-0.424533
-0.431972
-0.451346
-0.399737
-0.41244
-0.428022
-0.434778
-0.400156
-0.396568
-0.452397
-0.508581
-0.422957
-0.445944
-0.497998
-0.475882
-0.427728
-0.429792
-0.443643
-0.371906
-0.411694
-0.420579
-0.380921
-0.413506
-0.386503
-0.362628
-0.339187
-0.303602
-0.34051
-0.396123
-0.349086
-0.345534
-0.371816
-0.420782
-0.402519
-0.451153
-0.390881
-0.405204
-0.38509
-0.415319
-0.440171
-0.388002
-0.407601
-0.392062
-0.351636
-0.39494
-0.404932
-0.409972
-0.379605
-0.464804
-0.452234
-0.368905
-0.372874
-0.41205
-0.451337
-0.506566
-0.427987
-0.398074
-0.344603
-0.38937
-0.382678
-0.401427
-0.36677
-0.343323
-0.377264
-0.286254
-0.350586
-0.403316
-0.370304
-0.464343
-0.492218
-0.461391
-0.489313
-0.425495
-0.426373
-0.428535
-0.367108
-0.359145
-0.366731
-0.325427
-0.357142
-0.349698
-0.396714
-0.361293
-0.42531
-0.391863
-0.432303
-0.426379
-0.366799
-0.363836
-0.506129
-0.465166
-0.451276
-0.35841
-0.420684
-0.410104
-0.414908
-0.418145
-0.470305
-0.384595
-0.447743
-0.42708
-0.411762
-0.411308
-0.425794
-0.400287
-0.403521
-0.376314
-0.401468
-0.416579
-0.383978
-0.348645
-0.393507
-0.404283
-0.450086
-0.378468
-0.398094
-0.383083
-0.500092
-0.499246
-0.505939
-0.515208
-0.476129
-0.541328
-0.514907
-0.486893
-0.526062
-0.452181
-0.43506
-0.396291
-0.449188
-0.428518
-0.444549
-0.440631
-0.445036
-0.411326
-0.504539
-0.450862
-0.46831
-0.415221
-0.497772
-0.480416
-0.417427
-0.43441
-0.497515
-0.511084
-0.480691
-0.42432
-0.407173
-0.482447
-0.412283
-0.397999
-0.420428
-0.424722
-0.446927
-0.515088
-0.474633
-0.479628
-0.452532
-0.423863
-0.409421
-0.411641
-0.460255
-0.387449
-0.384545
-0.423571
-0.40588
-0.327541
-0.380776
-0.446935
-0.46011
-0.450538
-0.453161
-0.436824
-0.340954
-0.346862
-0.381627
-0.350088
-0.36819
-0.425958
-0.423742
-0.438933
-0.395885
-0.473018
-0.466944
-0.398924
-0.400044
-0.379038
-0.359353
-0.395401
-0.383858
-0.418995
-0.445931
-0.444743
-0.376915
-0.408775
-0.353666
-0.308172
-0.325493
-0.429652
-0.421482
-0.419526
-0.420094
-0.44021
-0.464911
-0.458361
-0.444951
-0.453709
-0.539348
-0.459821
-0.499872
-0.395273
-0.369523
-0.386536
-0.450172
-0.415354
-0.419651
-0.401098
-0.379617
-0.399771
-0.409695
-0.37984
-0.414045
-0.376574
-0.491288
-0.488856
-0.406426
-0.415639
-0.422658
-0.429033
-0.426593
-0.436421
-0.513271
-0.499749
-0.455087
-0.442214
-0.467707
-0.443922
-0.42997
-0.41968
-0.450266
-0.369755
-0.320247
-0.308116
-0.2985
-0.38266
-0.393256
-0.468977
-0.447951
-0.447014
-0.484466
-0.420235
-0.476001
-0.482017
-0.426101
-0.396261
-0.372306
-0.342928
-0.322974
-0.41788
-0.388065
-0.352749
-0.369409
-0.383467
-0.357464
-0.366993
-0.374988
-0.32814
-0.355195
-0.358246
-0.336152
-0.333026
-0.337487
-0.392603
-0.420043
-0.363421
-0.321852
-0.372952
-0.356609
-0.413918
-0.432337
-0.421015
-0.403756
-0.412076
-0.334184
-0.392105
-0.335373
-0.34608
-0.31874
-0.314019
-0.337777
-0.371103
-0.399859
-0.407446
-0.518289
-0.392989
-0.411849
-0.429014
-0.448625
-0.412362
-0.369036
-0.396487
-0.372903
-0.371498
-0.377077
-0.430134
-0.446407
-0.415106
-0.464928
-0.474812
-0.445748
-0.393279
-0.445122
-0.468695
-0.423066
-0.510509
-0.479156
-0.510818
-0.49162
-0.444977
-0.493081
-0.469977
-0.384585
-0.357219
-0.384493
-0.468524
-0.443126
-0.522084
-0.495468
-0.387118
-0.412353
-0.342612
-0.248274
-0.400205
-0.347934
-0.357979
-0.365402
-0.344644
-0.40003
-0.439572
-0.419771
-0.473041
-0.457441
-0.500987
-0.459583
-0.423198
-0.45013
-0.444126
-0.396036
-0.376175
-0.409286
-0.438186
-0.449552
-0.420426
-0.362416
-0.34855
-0.323903
-0.25135
-0.314998
-0.369928
-0.398165
-0.395002
-0.375962
-0.381175
-0.343738
-0.396912
-0.350017
-0.374477
-0.41112
-0.410272
-0.374629
-0.383475
-0.357937
-0.417401
-0.402362
-0.377794
-0.442476
-0.456396
-0.524996
-0.490273
-0.491554
-0.490874
-0.447782
-0.425214
-0.388014
-0.454752
-0.458473
-0.370045
-0.433248
-0.388932
-0.359946
-0.376931
-0.36415
-0.309362
-0.312792
-0.388679
-0.439746
-0.423418
-0.401644
-0.36606
-0.392213
-0.390479
-0.436203
-0.426289
-0.460666
-0.450944
-0.493502
-0.485756
-0.439237
-0.456699
-0.416134
-0.460365
-0.439757
-0.457983
-0.426244
-0.440446
-0.437129
-0.4002
-0.370717
-0.366178
-0.465534
-0.435607
-0.444741
-0.445645
-0.431581
-0.405111
-0.397787
-0.449855
-0.407414
-0.380486
-0.329395
-0.335886
-0.379561
-0.417222
-0.395209
-0.411135
-0.388259
-0.360622
-0.331768
-0.358916
-0.369285
-0.382492
-0.413927
-0.415114
-0.431777
-0.401423
-0.41179
-0.429852
-0.418275
-0.357342
-0.492643
-0.449496
-0.48231
-0.482205
-0.411287
-0.420973
-0.394149
-0.380517
-0.368622
-0.345365
-0.342087
-0.362837
-0.444696
-0.425652
-0.42526
-0.38391
-0.429415
-0.438493
-0.41366
-0.367735
-0.448104
-0.367326
-0.38493
-0.391673
-0.374555
-0.386093
-0.439717
-0.422243
-0.386157
-0.372195
-0.371635
-0.330393
-0.278209
-0.408792
-0.411715
-0.394043
-0.414646
-0.416598
-0.371587
-0.459907
-0.443758
-0.341475
-0.388035
-0.439893
-0.405672
-0.377449
-0.434884
-0.391397
-0.328726
-0.376572
-0.452975
-0.38218
-0.35304
-0.386577
-0.450011
-0.382846
-0.261914
-0.361345
-0.368028
-0.450817
-0.485887
-0.410743
-0.373306
-0.316102
-0.396326
-0.369285
-0.397902
-0.375574
-0.394718
-0.346071
-0.419304
-0.464907
-0.480171
-0.430949
-0.503969
-0.502297
-0.453018
-0.413272
-0.341551
-0.390882
-0.385186
-0.365699
-0.344983
-0.374811
-0.422788
-0.383648
-0.320356
-0.427754
-0.433465
-0.454558
-0.420246
-0.424616
-0.447737
-0.424925
-0.390785
-0.337805
-0.330657
-0.370312
-0.394611
-0.46029
-0.441421
-0.396052
-0.371089
-0.378832
-0.451002
-0.358843
-0.448111
-0.42678
-0.399921
-0.472058
-0.427175
-0.3507
-0.371376
-0.406608
-0.33914
-0.412057
-0.308271
-0.41969
-0.434004
-0.347244
-0.302087
-0.37829
-0.401969
-0.443719
-0.405582
-0.436418
-0.409556
-0.387793
-0.456293
-0.437613
-0.453468
-0.363797
-0.42142
-0.390904
-0.384264
-0.337414
-0.297263
-0.34481
-0.325337
-0.351056
-0.374643
-0.38023
-0.33174
-0.409843
-0.442128
-0.376369
-0.396932
-0.389776
-0.412785
-0.395944
-0.372575
-0.304551
-0.353712
-0.353511
-0.33261
-0.423242
-0.420232
-0.447276
-0.430096
-0.349146
-0.424018
-0.395964
-0.435367
-0.433722
-0.387488
-0.393711
-0.410211
-0.452218
-0.425961
-0.429613
-0.38619
-0.413981
-0.414604
-0.41985
-0.416775
-0.40517
-0.348517
-0.431892
-0.438362
-0.412364
-0.487845
-0.425943
-0.430777
-0.40945
-0.391291
-0.421799
-0.440502
-0.446623
-0.461255
-0.402845
-0.411781
-0.37861
-0.38682
-0.314037
-0.324523
-0.289198
-0.330583
-0.348716
-0.385124
-0.345076
-0.360155
-0.380315
-0.43081
-0.395009
-0.411666
-0.420023
-0.429285
-0.389041
-0.408338
-0.409628
-0.424762
-0.43972
-0.473556
-0.419928
-0.346322
-0.338497
-0.356972
-0.354052
-0.443626
-0.35886
-0.413047
-0.405182
-0.450363
-0.438501
-0.420529
-0.460165
-0.39452
-0.413569
-0.377089
-0.4374
-0.470848
-0.465925
-0.474424
-0.333201
-0.41851
-0.43435
-0.451196
-0.426026
-0.418504
-0.420326
-0.444924
-0.435464
-0.422863
-0.41773
-0.324382
-0.410837
-0.403155
-0.550696
-0.578506
-0.579815
-0.466139
-0.503476
-0.486178
-0.511973
-0.50491
-0.44156
-0.400465
-0.405759
-0.409053
-0.425725
-0.387006
-0.356356
-0.371405
-0.42895
-0.488125
-0.507423
-0.419787
-0.405045
-0.384088
-0.497165
-0.481653
-0.446063
-0.384877
-0.342837
-0.419159
-0.362027
-0.350869
-0.365343
-0.389037
-0.396336
-0.408561
-0.334664
-0.385728
-0.412407
-0.477394
-0.432703
-0.449628
-0.377078
-0.435315
-0.35917
-0.30024
-0.353289
-0.361657
-0.351292
-0.395805
-0.46498
-0.430462
-0.359564
-0.403308
-0.35826
-0.368717
-0.352877
-0.389403
-0.440984
-0.438172
-0.441573
-0.40993
-0.449329
-0.402783
-0.415516
-0.415684
-0.39136
-0.437948
-0.487769
-0.46891
-0.491745
-0.479706
-0.442346
-0.371039
-0.413351
-0.37553
-0.390039
-0.388103
-0.399084
-0.366248
-0.361012
-0.390834
-0.406857
-0.419121
-0.424194
-0.465615
-0.456873
-0.425324
-0.436788
-0.429132
-0.416139
-0.414727
-0.364871
-0.421134
-0.418045
-0.439569
-0.486351
-0.507446
-0.512993
-0.46819
-0.422425
-0.448027
-0.438173
-0.445221
-0.402442
-0.492559
-0.473078
-0.489525
-0.465055
-0.500031
-0.522284
-0.505498
-0.457835
-0.411633
-0.314463
-0.381849
-0.375843
-0.40058
-0.382604
-0.443282
-0.450088
-0.397835
-0.31996
-0.338133
-0.340551
-0.414284
-0.466252
-0.422292
-0.392899
-0.383728
-0.442234
-0.429109
-0.384542
-0.413679
-0.334415
-0.396344
-0.390415
-0.394692
-0.462931
-0.404952
-0.386495
-0.401214
-0.425609
-0.462674
-0.483807
-0.483867
-0.457925
-0.434584
-0.475515
-0.458821
-0.403153
-0.452679
-0.493988
-0.525856
-0.498606
-0.484872
-0.395631
-0.357211
-0.366551
-0.365705
-0.405775
-0.43373
-0.442106
-0.429748
-0.400731
-0.440558
-0.451249
-0.407808
-0.43301
-0.462343
-0.473586
-0.449651
-0.446225
-0.523204
-0.468716
-0.416545
-0.441126
-0.378784
-0.371183
-0.382722
-0.400078
-0.362962
-0.340427
-0.379088
-0.388653
-0.379175
-0.408474
-0.386923
-0.409565
-0.399033
-0.444759
-0.393539
-0.448198
-0.408641
-0.474269
-0.418382
-0.302613
-0.337587
-0.360861
-0.441073
-0.441027
-0.453955
-0.432546
-0.397535
-0.406623
-0.369608
-0.357835
-0.324885
-0.369741
-0.413383
-0.439189
-0.387624
-0.444452
-0.427996
-0.457093
-0.461324
-0.414889
-0.410768
-0.335399
-0.443395
-0.440473
-0.411734
-0.365615
-0.382751
-0.320167
-0.3272
-0.393483
-0.373026
-0.329644
-0.303574
-0.363718
-0.385237
-0.415764
-0.470493
-0.496658
-0.432328
-0.386709
-0.386848
-0.397732
-0.376696
-0.481715
-0.442264
-0.448878
-0.453585
-0.419574
-0.427588
-0.451809
-0.445893
-0.368021
-0.390778
-0.37099
-0.359433
-0.41268
-0.393714
-0.381532
-0.360649
-0.387243
-0.328969
-0.411822
-0.415118
-0.423898
-0.391522
-0.392235
-0.431062
-0.40569
-0.389942
-0.496971
-0.376773
-0.359712
-0.406152
-0.415148
-0.38553
-0.452082
-0.514919
-0.461244
-0.477492
-0.520347
-0.50652
-0.559468
-0.517383
-0.49228
-0.396282
-0.385416
-0.408055
-0.392502
-0.369618
-0.356337
-0.380605
-0.431907
-0.480685
-0.532569
-0.503389
-0.423167
-0.363892
-0.350363
-0.478822
-0.401919
-0.360439
-0.345552
-0.347835
-0.385155
-0.395421
-0.375103
-0.382643
-0.387761
-0.352473
-0.342743
-0.367278
-0.380007
-0.371318
-0.405759
-0.38422
-0.416248
-0.432912
-0.469456
-0.426355
-0.432801
-0.417475
-0.3912
-0.416689
-0.450256
-0.417887
-0.434856
-0.353405
-0.342176
-0.389863
-0.39894
-0.427976
-0.427149
-0.402083
-0.369845
-0.389716
-0.441738
-0.379646
-0.433345
-0.373478
-0.337213
-0.382824
-0.436317
-0.439448
-0.46966
-0.503101
-0.434988
-0.438377
-0.493251
-0.45361
-0.468103
-0.458763
-0.475552
-0.513221
-0.46334
-0.463003
-0.449866
-0.45179
-0.516874
-0.547911
-0.532908
-0.525365
-0.557972
-0.560027
-0.57129
-0.496611
-0.469988
-0.443124
-0.477552
-0.473487
-0.502899
-0.492769
-0.481713
-0.501393
-0.477325
-0.520491
-0.474157
-0.460731
-0.485486
-0.486469
-0.557422
-0.535208
-0.497753
-0.486492
-0.440911
-0.463618
-0.480869
-0.441628
-0.443233
-0.457333
-0.439773
-0.471241
-0.458789
-0.499237
-0.613045
-0.558777
-0.58369
-0.585952
-0.549008
-0.510693
-0.556349
-0.546042
-0.526156
-0.524804
-0.554931
-0.487081
-0.531426
-0.497353
-0.4583
-0.416409
-0.405146
-0.39786
-0.480938
-0.379958
-0.418088
-0.468966
-0.482383
-0.539464
-0.533842
-0.480578
-0.466703
-0.528821
-0.496667
-0.39175
-0.472723
-0.472167
-0.441391
-0.387215
-0.462862
-0.462053
-0.454297
-0.458137
-0.463531
-0.47831
-0.468397
-0.415757
-0.436227
-0.4411
-0.431029
-0.433072
-0.396472
-0.445828
-0.443457
-0.386603
-0.377293
-0.365902
-0.379445
-0.355664
-0.388969
-0.363873
-0.427226
-0.422216
-0.378016
-0.356063
-0.420063
-0.461541
-0.397654
-0.409588
-0.387509
-0.389543
-0.437763
-0.416501
-0.362142
-0.356143
-0.381429
-0.331388
-0.351239
-0.323837
-0.414625
-0.432818
-0.394293
-0.406601
-0.410469
-0.429077
-0.401249
-0.389095
-0.452222
-0.418508
-0.39453
-0.425805
-0.484415
-0.458053
-0.413699
-0.459669
-0.419956
-0.454038
-0.457998
-0.466034
-0.473585
-0.473098
-0.395543
-0.399622
-0.438582
-0.453492
-0.452875
-0.416812
-0.472399
-0.393082
-0.367127
-0.371797
-0.366131
-0.474216
-0.445204
-0.43096
-0.392525
-0.420093
-0.430646
-0.424852
-0.492728
-0.461689
-0.485386
-0.414677
-0.347449
-0.36258
-0.376594
-0.333564
-0.368616
-0.443209
-0.390094
-0.369447
-0.378164
-0.359496
-0.379983
-0.431383
-0.364402
-0.403871
-0.408466
-0.404256
-0.405674
-0.446047
-0.42577
-0.459879
-0.449585
-0.42513
-0.395414
-0.3675
-0.406917
-0.382037
-0.333376
-0.345484
-0.432555
-0.442691
-0.42583
-0.446781
-0.416822
-0.373895
-0.350586
-0.3576
-0.409616
-0.437974
-0.466096
-0.429989
-0.397331
-0.388453
-0.425094
-0.479149
-0.461481
-0.389239
-0.455693
-0.404201
-0.392529
-0.400955
-0.411787
-0.472683
-0.477765
-0.48109
-0.439884
-0.431158
-0.443647
-0.426656
-0.368208
-0.44134
-0.392561
-0.322108
-0.452998
-0.433475
-0.374963
-0.364332
-0.411718
-0.361417
-0.433844
-0.441056
-0.423886
-0.353369
-0.345803
-0.344486
-0.352883
-0.416205
-0.434688
-0.376159
-0.388181
-0.394748
-0.360575
-0.402603
-0.417006
-0.47924
-0.532474
-0.479022
-0.428955
-0.425448
-0.439164
-0.439949
-0.478831
-0.427974
-0.365708
-0.468297
-0.488122
-0.4011
-0.342136
-0.437096
-0.445909
-0.373242
-0.369662
-0.387736
-0.384686
-0.356409
-0.396879
-0.330746
-0.332361
-0.381378
-0.405258
-0.37739
-0.410123
-0.413558
-0.442912
-0.441493
-0.515411
-0.441344
-0.420805
-0.363806
-0.385283
-0.437554
-0.389116
-0.398716
-0.473063
-0.503864
-0.541045
-0.515167
-0.459976
-0.483904
-0.45299
-0.465227
-0.476105
-0.507768
-0.468632
-0.470558
-0.439293
-0.388086
-0.45817
-0.505103
-0.502511
-0.403714
-0.45453
-0.434784
-0.415033
-0.388556
-0.323301
-0.377981
-0.385752
-0.337343
-0.286129
-0.384251
-0.383114
-0.356718
-0.345796
-0.366728
-0.387128
-0.403027
-0.341897
-0.379518
-0.347659
-0.409505
-0.420631
-0.433572
-0.447077
-0.430742
-0.395107
-0.489012
-0.515081
-0.52628
-0.504111
-0.40535
-0.392
-0.43134
-0.412213
-0.397216
-0.342337
-0.344585
-0.385663
-0.339894
-0.377611
-0.358753
-0.416164
-0.455145
-0.470668
-0.456197
-0.485459
-0.490881
-0.417166
-0.420341
-0.383125
-0.359752
-0.33421
-0.40563
-0.405772
-0.377797
-0.370204
-0.355262
-0.370108
-0.430894
-0.509992
-0.406164
-0.395407
-0.424657
-0.442504
-0.477749
-0.450858
-0.400766
-0.360457
-0.336418
-0.346119
-0.423849
-0.447401
-0.413334
-0.442625
-0.355483
-0.453469
-0.540347
-0.505987
-0.443073
-0.439723
-0.412355
-0.393251
-0.397241
-0.362224
-0.358797
-0.351694
-0.412692
-0.424423
-0.387415
-0.404425
-0.483691
-0.525971
-0.45883
-0.409936
-0.48184
-0.416501
-0.363917
-0.42062
-0.460796
-0.460984
-0.512182
-0.511751
-0.443215
-0.408009
-0.424625
-0.324799
-0.395035
-0.395432
-0.398513
-0.432032
-0.413274
-0.390348
-0.40119
-0.400117
-0.495907
-0.422657
-0.409948
-0.42386
-0.440253
-0.435905
-0.456016
-0.416952
-0.394909
-0.476967
-0.439297
-0.372985
-0.388217
-0.364251
-0.424566
-0.4422
-0.485794
-0.426107
-0.482476
-0.488549
-0.44075
-0.377781
-0.298576
-0.358997
-0.36911
-0.335546
-0.406726
-0.384597
-0.46276
-0.405386
-0.354589
-0.350725
-0.304668
-0.359709
-0.425909
-0.372489
-0.332294
-0.324542
-0.363937
-0.37367
-0.322395
-0.302678
-0.362175
-0.369203
-0.341695
-0.426597
-0.471749
-0.420671
-0.377878
-0.415043
-0.404035
-0.413843
-0.345488
-0.488652
-0.478319
-0.498368
