1 -7.52241 -7.52241 0
2 -7.52479 -7.5236 0.000840194
3 -7.53362 -7.52694 0.002783
4 -7.53077 -7.5279 0.00224635
5 -7.52426 -7.52717 0.00191116
6 -7.5255 -7.52689 0.00161286
7 -7.51418 -7.52508 0.00217634
8 -7.53538 -7.52636 0.00225347
9 -7.52015 -7.52567 0.00210614
10 -7.53032 -7.52614 0.00194601
11 -7.51747 -7.52535 0.00192219
12 -7.53673 -7.5263 0.0019821
13 -7.51091 -7.52511 0.0021543
14 -7.52956 -7.52543 0.00202369
15 -7.52515 -7.52541 0.00188887
16 -7.52949 -7.52567 0.00178794
17 -7.51797 -7.52521 0.00173922
18 -7.53386 -7.5257 0.00170765
19 -7.5185 -7.52532 0.0016592
20 -7.52258 -7.52518 0.00158186
21 -7.52925 -7.52537 0.00151835
22 -7.52037 -7.52515 0.00146628
23 -7.51238 -7.52459 0.00150397
24 -7.53011 -7.52482 0.0014588
25 -7.51235 -7.52432 0.00148327
26 -7.53068 -7.52457 0.00144625
27 -7.54341 -7.52526 0.00155194
28 -7.5072 -7.52462 0.00162507
29 -7.52855 -7.52476 0.00157467
30 -7.50942 -7.52424 0.00160301
31 -7.52417 -7.52424 0.0015513
32 -7.5209 -7.52414 0.00150633
33 -7.53995 -7.52462 0.001535
34 -7.52608 -7.52466 0.00149046
35 -7.51617 -7.52442 0.00146749
36 -7.52746 -7.5245 0.00142917
37 -7.52456 -7.5245 0.00139054
38 -7.53275 -7.52472 0.0013708
39 -7.52875 -7.52482 0.00133954
40 -7.53203 -7.525 0.0013181
41 -7.5285 -7.52509 0.00128871
42 -7.52078 -7.52499 0.00126211
43 -7.53553 -7.52523 0.00125634
44 -7.51743 -7.52505 0.00124024
45 -7.52775 -7.52511 0.00121413
46 -7.53312 -7.52529 0.00120016
47 -7.51872 -7.52515 0.00118274
48 -7.51085 -7.52485 0.00119503
49 -7.52951 -7.52495 0.00117442
50 -7.52615 -7.52497 0.00115118
51 -7.52577 -7.52499 0.00112872
52 -7.51721 -7.52484 0.00111687
53 -7.5317 -7.52497 0.00110328
54 -7.5197 -7.52487 0.00108716
55 -7.51876 -7.52476 0.00107305
56 -7.52908 -7.52483 0.00105666
57 -7.52931 -7.52491 0.00104104
58 -7.5337 -7.52506 0.00103406
59 -7.5274 -7.5251 0.00101729
60 -7.52907 -7.52517 0.00100249
61 -7.50446 -7.52483 0.00104194
62 -7.52156 -7.52478 0.00102647
63 -7.53733 -7.52498 0.00102935
64 -7.51265 -7.52478 0.00103113
65 -7.53259 -7.5249 0.00102224
66 -7.52393 -7.52489 0.00100686
67 -7.51405 -7.52473 0.00100476
68 -7.53456 -7.52487 0.00100032
69 -7.51543 -7.52474 0.000995141
70 -7.52973 -7.52481 0.000983483
71 -7.52269 -7.52478 0.000970083
72 -7.51403 -7.52463 0.000968017
73 -7.53397 -7.52476 0.000963171
74 -7.51838 -7.52467 0.000953998
75 -7.52807 -7.52471 0.000942355
76 -7.51962 -7.52465 0.00093234
77 -7.53517 -7.52478 0.000930185
78 -7.52266 -7.52476 0.00091866
79 -7.52836 -7.5248 0.000908164
80 -7.5082 -7.5246 0.000920218
81 -7.52697 -7.52462 0.000909324
82 -7.52761 -7.52466 0.000898963
83 -7.52213 -7.52463 0.000888647
84 -7.51929 -7.52457 0.000880337
85 -7.52392 -7.52456 0.000870014
86 -7.53622 -7.52469 0.000870398
87 -7.51308 -7.52456 0.000870576
88 -7.52094 -7.52452 0.000861656
89 -7.53244 -7.52461 0.000856562
90 -7.5193 -7.52455 0.000849072
91 -7.52506 -7.52456 0.00083976
92 -7.51997 -7.52451 0.000832113
93 -7.52434 -7.5245 0.000823167
94 -7.52483 -7.52451 0.000814418
95 -7.51643 -7.52442 0.000810269
96 -7.54526 -7.52464 0.000830389
97 -7.51081 -7.5245 0.000833981
98 -7.52506 -7.5245 0.000825491
99 -7.52766 -7.52453 0.00081777
100 -7.52305 -7.52452 0.000809728
101 -7.52786 -7.52455 0.000802384
102 -7.52606 -7.52457 0.000794654
103 -7.5251 -7.52457 0.000786955
104 -7.52228 -7.52455 0.000779697
105 -7.5261 -7.52457 0.000772411
106 -7.52054 -7.52453 0.000766058
107 -7.52106 -7.5245 0.000759583
108 -7.52525 -7.5245 0.000752582
109 -7.52076 -7.52447 0.000746459
110 -7.51784 -7.52441 0.000742098
111 -7.53195 -7.52448 0.000738519
112 -7.51071 -7.52435 0.000742086
113 -7.52413 -7.52435 0.000735521
114 -7.53176 -7.52442 0.000731938
115 -7.52824 -7.52445 0.00072633
116 -7.52863 -7.52449 0.000720961
117 -7.52613 -7.5245 0.000714936
118 -7.51966 -7.52446 0.000710052
119 -7.52614 -7.52447 0.000704225
120 -7.52482 -7.52448 0.000698362
121 -7.51932 -7.52443 0.000693891
122 -7.51735 -7.52437 0.000690626
123 -7.52018 -7.52434 0.000685853
124 -7.52678 -7.52436 0.000680604
125 -7.52624 -7.52438 0.000675326
126 -7.5255 -7.52438 0.000670026
127 -7.52739 -7.52441 0.000665167
128 -7.51808 -7.52436 0.000661807
129 -7.51947 -7.52432 0.000657762
130 -7.52877 -7.52435 0.000653591
131 -7.51217 -7.52426 0.00065519
132 -7.53463 -7.52434 0.000654918
133 -7.51676 -7.52428 0.000652469
134 -7.51989 -7.52425 0.000648422
135 -7.53227 -7.52431 0.000646332
136 -7.50756 -7.52419 0.000653203
137 -7.51848 -7.52415 0.00064976
138 -7.53362 -7.52421 0.000648673
139 -7.52485 -7.52422 0.000644022
140 -7.52194 -7.5242 0.000639628
141 -7.52531 -7.52421 0.00063514
142 -7.52568 -7.52422 0.000630751
143 -7.51257 -7.52414 0.000631576
144 -7.53983 -7.52425 0.000636523
145 -7.51802 -7.5242 0.000633581
146 -7.53093 -7.52425 0.000630914
147 -7.52258 -7.52424 0.000626724
148 -7.52291 -7.52423 0.000622554
149 -7.53583 -7.52431 0.000623225
150 -7.52431 -7.52431 0.00061907
151 -7.52142 -7.52429 0.000615266
152 -7.53102 -7.52433 0.000612812
153 -7.52357 -7.52433 0.000608827
154 -7.52761 -7.52435 0.000605246
155 -7.52826 -7.52438 0.000601867
156 -7.52336 -7.52437 0.000598045
157 -7.51246 -7.52429 0.000599027
158 -7.52553 -7.5243 0.000595286
159 -7.52345 -7.5243 0.000591566
160 -7.52616 -7.52431 0.000587984
161 -7.52598 -7.52432 0.000584424
162 -7.52216 -7.5243 0.000580967
163 -7.52126 -7.52429 0.000577703
164 -7.50718 -7.52418 0.000583515
165 -7.52415 -7.52418 0.000579978
166 -7.5252 -7.52419 0.000576517
167 -7.53244 -7.52424 0.000575179
168 -7.52612 -7.52425 0.000571866
169 -7.51434 -7.52419 0.000571478
170 -7.52463 -7.52419 0.000568122
171 -7.52828 -7.52422 0.000565303
172 -7.53258 -7.52426 0.000564106
173 -7.51074 -7.52419 0.000566233
174 -7.52113 -7.52417 0.00056325
175 -7.52946 -7.5242 0.000560841
176 -7.51935 -7.52417 0.00055833
177 -7.52052 -7.52415 0.000555557
178 -7.52429 -7.52415 0.000552436
179 -7.53729 -7.52422 0.000554207
180 -7.52094 -7.52421 0.000551428
181 -7.52689 -7.52422 0.00054858
182 -7.53445 -7.52428 0.000548435
183 -7.51607 -7.52423 0.000547267
184 -7.52627 -7.52424 0.000544405
185 -7.52745 -7.52426 0.000541738
186 -7.52505 -7.52427 0.000538842
187 -7.51927 -7.52424 0.000536621
188 -7.5177 -7.5242 0.000534893
189 -7.52827 -7.52423 0.000532495
190 -7.53203 -7.52427 0.000531274
191 -7.51527 -7.52422 0.000530575
192 -7.53654 -7.52428 0.000531677
193 -7.52067 -7.52426 0.000529252
194 -7.52558 -7.52427 0.000526567
195 -7.51413 -7.52422 0.000526429
196 -7.51508 -7.52417 0.000525804
197 -7.52925 -7.5242 0.000523767
198 -7.51922 -7.52417 0.000521726
199 -7.52239 -7.52416 0.000519181
200 -7.52229 -7.52416 0.000516669
201 -7.53127 -7.52419 0.000515308
202 -7.52104 -7.52417 0.000512994
203 -7.52185 -7.52416 0.000510594
204 -7.53896 -7.52424 0.000513219
205 -7.52505 -7.52424 0.000510731
206 -7.52045 -7.52422 0.000508582
207 -7.52834 -7.52424 0.000506514
208 -7.52048 -7.52422 0.000504402
209 -7.51469 -7.52418 0.000504048
210 -7.52795 -7.5242 0.000501968
211 -7.52097 -7.52418 0.000499822
212 -7.51996 -7.52416 0.000497861
213 -7.53084 -7.52419 0.000496511
214 -7.52007 -7.52417 0.000494564
215 -7.52499 -7.52418 0.000492279
216 -7.53053 -7.52421 0.000490878
217 -7.52312 -7.5242 0.000488641
218 -7.52232 -7.52419 0.000486475
219 -7.52021 -7.52417 0.000484593
220 -7.52675 -7.52419 0.000482532
221 -7.52977 -7.52421 0.00048101
222 -7.53424 -7.52426 0.000480959
223 -7.51544 -7.52422 0.000480424
224 -7.52499 -7.52422 0.000478292
225 -7.51423 -7.52418 0.000478224
226 -7.52489 -7.52418 0.000476119
227 -7.5236 -7.52418 0.000474028
228 -7.52742 -7.52419 0.000472163
229 -7.52762 -7.52421 0.000470338
230 -7.51899 -7.52418 0.00046884
231 -7.51689 -7.52415 0.000467872
232 -7.51689 -7.52412 0.000466902
233 -7.52439 -7.52412 0.0004649
234 -7.5249 -7.52412 0.000462925
235 -7.52461 -7.52413 0.000460959
236 -7.52544 -7.52413 0.00045904
237 -7.52867 -7.52415 0.000457502
238 -7.53538 -7.5242 0.000458004
239 -7.51389 -7.52416 0.000458115
240 -7.52657 -7.52417 0.000456317
241 -7.51993 -7.52415 0.000454762
242 -7.5313 -7.52418 0.000453842
243 -7.52152 -7.52417 0.000452106
244 -7.52854 -7.52418 0.000450609
245 -7.5285 -7.5242 0.000449114
246 -7.51834 -7.52418 0.00044792
247 -7.51586 -7.52414 0.000447369
248 -7.52871 -7.52416 0.000445943
249 -7.52103 -7.52415 0.00044433
250 -7.51773 -7.52412 0.000443293
251 -7.52055 -7.52411 0.000441756
252 -7.52774 -7.52412 0.000440237
253 -7.52268 -7.52412 0.000438534
254 -7.52197 -7.52411 0.000436889
255 -7.52622 -7.52412 0.000435254
256 -7.52354 -7.52412 0.00043356
257 -7.52187 -7.52411 0.000431962
258 -7.51886 -7.52409 0.000430766
259 -7.52557 -7.52409 0.00042914
260 -7.53068 -7.52412 0.000428238
261 -7.51378 -7.52408 0.000428425
262 -7.51804 -7.52406 0.000427409
263 -7.53519 -7.5241 0.000427877
264 -7.52739 -7.52411 0.000426438
265 -7.52388 -7.52411 0.000424829
266 -7.5321 -7.52414 0.000424292
267 -7.53639 -7.52419 0.000425177
268 -7.52939 -7.52421 0.000424034
269 -7.5164 -7.52418 0.000423449
270 -7.52662 -7.52419 0.000421978
271 -7.51789 -7.52416 0.00042106
272 -7.52857 -7.52418 0.000419824
273 -7.51095 -7.52413 0.000421071
274 -7.53139 -7.52416 0.000420369
275 -7.52248 -7.52415 0.000418884
276 -7.52343 -7.52415 0.000417375
277 -7.52782 -7.52416 0.000416078
278 -7.51998 -7.52415 0.000414853
279 -7.53177 -7.52417 0.000414264
280 -7.51171 -7.52413 0.000415169
281 -7.54538 -7.5242 0.000420525
282 -7.50644 -7.52414 0.000423724
283 -7.5379 -7.52419 0.000425008
284 -7.51804 -7.52417 0.000424062
285 -7.51793 -7.52415 0.000423138
286 -7.52572 -7.52415 0.000421694
287 -7.53668 -7.5242 0.000422477
288 -7.51264 -7.52416 0.000422912
289 -7.52477 -7.52416 0.000421454
290 -7.51941 -7.52414 0.000420319
291 -7.52251 -7.52414 0.000418912
292 -7.53781 -7.52418 0.000420087
293 -7.50334 -7.52411 0.000424635
294 -7.52783 -7.52412 0.000423379
295 -7.5346 -7.52416 0.000423429
296 -7.52496 -7.52416 0.000422007
297 -7.51908 -7.52414 0.000420933
298 -7.5221 -7.52414 0.000419576
299 -7.52632 -7.52415 0.000418237
300 -7.52329 -7.52414 0.000416852
301 -7.53164 -7.52417 0.000416211
302 -7.50519 -7.5241 0.000419551
303 -7.53256 -7.52413 0.000419092
304 -7.51243 -7.52409 0.000419479
305 -7.53982 -7.52415 0.000421261
306 -7.50702 -7.52409 0.000423585
307 -7.52591 -7.5241 0.000422247
308 -7.53081 -7.52412 0.000421438
309 -7.51955 -7.5241 0.000420334
310 -7.53502 -7.52414 0.000420451
311 -7.52284 -7.52413 0.00041912
312 -7.51555 -7.52411 0.000418678
313 -7.52506 -7.52411 0.000417351
314 -7.5294 -7.52413 0.000416363
315 -7.52612 -7.52413 0.000415089
316 -7.51172 -7.52409 0.000415631
317 -7.53497 -7.52413 0.000415735
318 -7.52293 -7.52412 0.000414444
319 -7.53441 -7.52416 0.000414398
320 -7.51957 -7.52414 0.000413351
321 -7.52343 -7.52414 0.000412069
322 -7.51905 -7.52412 0.000411093
323 -7.52736 -7.52413 0.000409942
324 -7.51116 -7.52409 0.000410629
325 -7.52517 -7.5241 0.000409379
326 -7.51868 -7.52408 0.00040846
327 -7.52378 -7.52408 0.000407212
328 -7.52551 -7.52408 0.000405994
329 -7.52903 -7.5241 0.000405038
330 -7.51446 -7.52407 0.000404862
331 -7.52347 -7.52407 0.000403643
332 -7.54463 -7.52413 0.000407152
333 -7.51619 -7.52411 0.000406627
334 -7.53464 -7.52414 0.000406632
335 -7.52299 -7.52413 0.000405432
336 -7.51644 -7.52411 0.000404871
337 -7.52577 -7.52412 0.0004037
338 -7.52621 -7.52412 0.000402553
339 -7.51563 -7.5241 0.000402144
340 -7.52486 -7.5241 0.000400967
341 -7.51093 -7.52406 0.000401648
342 -7.51603 -7.52404 0.00040116
343 -7.538 -7.52408 0.00040205
344 -7.52158 -7.52407 0.000400947
345 -7.52613 -7.52408 0.000399829
346 -7.51835 -7.52406 0.000399016
347 -7.5269 -7.52407 0.00039795
348 -7.51796 -7.52405 0.000397194
349 -7.53786 -7.52409 0.000398021
350 -7.52037 -7.52408 0.000397026
351 -7.53134 -7.5241 0.000396433
352 -7.5214 -7.52409 0.000395381
353 -7.52767 -7.5241 0.000394391
354 -7.51698 -7.52408 0.000393789
355 -7.51995 -7.52407 0.000392852
356 -7.53381 -7.5241 0.0003927
357 -7.51676 -7.52408 0.000392138
358 -7.52599 -7.52408 0.000391079
359 -7.52252 -7.52408 0.000390015
360 -7.52867 -7.52409 0.000389139
361 -7.51954 -7.52408 0.000388266
362 -7.52613 -7.52408 0.000387235
363 -7.51895 -7.52407 0.000386426
364 -7.52975 -7.52409 0.000385679
365 -7.53205 -7.52411 0.000385239
366 -7.51801 -7.52409 0.000384546
367 -7.52284 -7.52409 0.000383513
368 -7.51682 -7.52407 0.000382979
369 -7.52065 -7.52406 0.000382053
370 -7.51877 -7.52404 0.000381287
371 -7.52311 -7.52404 0.000380268
372 -7.52922 -7.52406 0.000379501
373 -7.52517 -7.52406 0.000378495
374 -7.52434 -7.52406 0.000377484
375 -7.52087 -7.52405 0.000376573
376 -7.52527 -7.52405 0.000375585
377 -7.51129 -7.52402 0.000376111
378 -7.53712 -7.52406 0.00037671
379 -7.51255 -7.52402 0.000376938
380 -7.52923 -7.52404 0.000376194
381 -7.52517 -7.52404 0.000375219
382 -7.52524 -7.52404 0.00037425
383 -7.53298 -7.52407 0.000374
384 -7.51465 -7.52404 0.000373829
385 -7.50675 -7.524 0.000375547
386 -7.52782 -7.52401 0.000374705
387 -7.51878 -7.52399 0.00037398
388 -7.52427 -7.524 0.000373017
389 -7.52111 -7.52399 0.000372132
390 -7.52637 -7.52399 0.000371228
391 -7.52395 -7.52399 0.000370279
392 -7.52017 -7.52398 0.000369462
393 -7.51596 -7.52396 0.000369086
394 -7.53281 -7.52399 0.000368831
395 -7.52828 -7.524 0.000368057
396 -7.53194 -7.52402 0.000367674
397 -7.51343 -7.52399 0.000367714
398 -7.532 -7.52401 0.000367341
399 -7.52548 -7.52401 0.000366439
400 -7.52014 -7.524 0.00036565
401 -7.52687 -7.52401 0.000364808
402 -7.51658 -7.52399 0.000364369
403 -7.52753 -7.524 0.000363571
404 -7.52482 -7.524 0.000362676
405 -7.53571 -7.52403 0.000362931
406 -7.51881 -7.52402 0.000362265
407 -7.53203 -7.52404 0.00036191
408 -7.51989 -7.52403 0.000361166
409 -7.52259 -7.52403 0.0003603
410 -7.51579 -7.52401 0.00035998
411 -7.51991 -7.524 0.000359242
412 -7.53208 -7.52402 0.000358906
413 -7.52679 -7.52402 0.0003581
414 -7.52725 -7.52403 0.00035732
415 -7.51709 -7.52401 0.00035685
416 -7.52974 -7.52403 0.000356258
417 -7.50892 -7.52399 0.000357242
418 -7.5374 -7.52402 0.000357825
419 -7.52429 -7.52402 0.000356972
420 -7.51846 -7.52401 0.000356368
421 -7.53306 -7.52403 0.000356169
422 -7.52544 -7.52404 0.000355341
423 -7.52002 -7.52403 0.000354627
424 -7.52556 -7.52403 0.000353809
425 -7.53117 -7.52405 0.000353375
426 -7.512 -7.52402 0.000353675
427 -7.53355 -7.52404 0.000353551
428 -7.52515 -7.52404 0.000352735
429 -7.5199 -7.52403 0.000352045
430 -7.52146 -7.52403 0.000351277
431 -7.5239 -7.52403 0.000350462
432 -7.52827 -7.52404 0.000349788
433 -7.52967 -7.52405 0.000349222
434 -7.52756 -7.52406 0.000348511
435 -7.52194 -7.52405 0.000347744
436 -7.52421 -7.52405 0.000346946
437 -7.5376 -7.52408 0.000347535
438 -7.51577 -7.52407 0.00034726
439 -7.52646 -7.52407 0.000346512
440 -7.5238 -7.52407 0.000345725
441 -7.52687 -7.52408 0.000344999
442 -7.51616 -7.52406 0.000344683
443 -7.52506 -7.52406 0.000343913
444 -7.53275 -7.52408 0.000343694
445 -7.51997 -7.52407 0.000343046
446 -7.52756 -7.52408 0.000342365
447 -7.52551 -7.52408 0.000341614
448 -7.53201 -7.5241 0.00034131
449 -7.52609 -7.5241 0.000340579
450 -7.52791 -7.52411 0.000339927
451 -7.53331 -7.52413 0.000339784
452 -7.52624 -7.52414 0.000339064
453 -7.52187 -7.52413 0.000338353
454 -7.52855 -7.52414 0.000337748
455 -7.51158 -7.52412 0.000338132
456 -7.52727 -7.52412 0.000337461
457 -7.52524 -7.52412 0.000336732
458 -7.53144 -7.52414 0.000336375
459 -7.52308 -7.52414 0.00033565
460 -7.52658 -7.52414 0.000334963
461 -7.52177 -7.52414 0.000334276
462 -7.52899 -7.52415 0.000333717
463 -7.51568 -7.52413 0.000333497
464 -7.52098 -7.52412 0.000332847
465 -7.52852 -7.52413 0.000332265
466 -7.52191 -7.52413 0.000331587
467 -7.53501 -7.52415 0.000331694
468 -7.52876 -7.52416 0.000331132
469 -7.52679 -7.52417 0.000330473
470 -7.52147 -7.52416 0.00032982
471 -7.53799 -7.52419 0.000330423
472 -7.49915 -7.52414 0.000333954
473 -7.52777 -7.52415 0.000333336
474 -7.52731 -7.52415 0.0003327
475 -7.52082 -7.52415 0.000332073
476 -7.51873 -7.52413 0.00033157
477 -7.52112 -7.52413 0.000330935
478 -7.518 -7.52411 0.000330491
479 -7.5428 -7.52415 0.000332096
480 -7.49502 -7.52409 0.000336906
481 -7.54181 -7.52413 0.000338213
482 -7.51676 -7.52411 0.000337857
483 -7.51741 -7.5241 0.000337443
484 -7.53044 -7.52411 0.000336999
485 -7.51165 -7.52409 0.000337283
486 -7.51086 -7.52406 0.000337686
487 -7.52721 -7.52407 0.000337055
488 -7.53018 -7.52408 0.000336596
489 -7.51462 -7.52406 0.000336463
490 -7.53377 -7.52408 0.000336359
491 -7.53037 -7.52409 0.000335917
492 -7.52518 -7.5241 0.000335242
493 -7.52536 -7.5241 0.000334572
494 -7.51875 -7.52409 0.00033407
495 -7.52725 -7.52409 0.000333456
496 -7.52876 -7.5241 0.000332916
497 -7.50749 -7.52407 0.000333919
498 -7.52479 -7.52407 0.000333252
499 -7.51532 -7.52405 0.000333045
500 -7.53246 -7.52407 0.000332803
