1 60.4215
2 52.2923
3 47.5564
4 43.8136
5 40.6905
6 38.6479
7 36.0765
8 33.7918
9 31.1735
10 28.4326
11 26.9127
12 26.0464
13 25.1111
14 24.0138
15 21.9941
16 19.9603
17 18.8849
18 18.1415
19 17.4915
20 16.6034
21 15.4763
22 14.4228
23 13.2885
24 11.1341
25 10.6007
26 10.5607
27 10.3417
28 9.93791
29 9.51877
30 9.34676
31 9.29501
32 9.15383
33 9.07379
34 8.94791
35 8.8031
36 8.75613
37 8.72715
38 8.70392
39 8.6918
40 8.67389
41 8.65634
42 8.64335
43 8.59337
44 8.40484
45 7.93667
46 7.75786
47 7.56791
48 7.53731
49 7.38766
50 7.23161
51 6.86357
52 6.78673
53 6.57925
54 6.45939
55 6.24845
56 5.94168
57 5.5025
58 5.29061
59 5.09216
60 4.83274
61 4.50862
62 4.40017
63 4.37529
64 4.26378
65 4.11002
66 3.94264
67 3.74346
68 3.69049
69 3.67504
70 3.58642
71 3.41622
72 3.33637
73 3.27913
74 3.27908
75 3.27895
76 3.27819
77 3.27501
78 3.27192
79 3.27003
80 3.25709
81 3.19688
82 3.1639
83 3.03726
84 2.87528
85 2.82552
86 2.79902
87 2.79499
88 2.76868
89 2.71244
90 2.71244
91 2.71244
92 2.71244
93 2.71244
94 2.71244
95 2.71244
96 2.71244
97 2.71244
98 2.71244
99 2.71091
100 2.69869
101 2.63453
102 2.35957
103 2.33054
104 2.33023
105 2.32747
106 2.30997
107 2.2468
108 2.18831
109 2.15826
110 2.10744
111 2.06523
112 2.04266
113 2.03175
114 2.02945
115 2.01881
116 1.96779
117 1.93627
118 1.93627
119 1.93627
120 1.93623
121 1.93605
122 1.93506
123 1.92965
124 1.92662
125 1.92417
126 1.92019
127 1.92008
128 1.92008
129 1.92008
130 1.92008
131 1.92008
132 1.92008
133 1.92008
134 1.92008
135 1.92008
136 1.92008
137 1.92008
138 1.92008
139 1.92008
140 1.92008
141 1.92008
142 1.92008
143 1.92008
144 1.92008
145 1.92008
146 1.92008
147 1.92008
148 1.92008
149 1.92008
150 1.92008
151 1.92008
152 1.92008
153 1.92008
154 1.92008
155 1.92008
156 1.92008
157 1.92008
158 1.92008
159 1.92008
160 1.92008
161 1.92008
162 1.92008
163 1.92008
164 1.92008
165 1.92008
166 1.92008
167 1.92008
168 1.92008
169 1.92008
170 1.92008
171 1.92008
172 1.92008
173 1.92008
174 1.92008
175 1.92008
176 1.92008
177 1.92008
178 1.92008
179 1.92008
180 1.92008
181 1.92008
182 1.92008
183 1.92008
184 1.92008
185 1.92008
186 1.92008
187 1.92008
188 1.92008
189 1.92008
190 1.92008
191 1.92008
192 1.92008
193 1.92008
194 1.92008
195 1.92008
196 1.92008
197 1.92008
198 1.92008
199 1.92008
200 1.92008
201 1.92008
202 1.92008
203 1.92008
204 1.92008
205 1.92008
206 1.92008
207 1.92008
208 1.92008
209 1.92008
210 1.92008
211 1.92008
212 1.92008
213 1.92008
214 1.92008
215 1.92008
216 1.92008
217 1.92008
218 1.92008
219 1.92008
220 1.92008
221 1.92008
222 1.92008
223 1.92008
224 1.92008
225 1.92008
226 1.92008
227 1.92008
228 1.92008
229 1.92008
230 1.92008
231 1.92008
232 1.92008
233 1.92008
234 1.92008
235 1.92008
236 1.92008
237 1.92008
238 1.92008
239 1.92008
240 1.92008
241 1.92008
242 1.92008
243 1.92008
244 1.92008
245 1.92008
246 1.92008
247 1.92008
248 1.92008
249 1.92008
250 1.92008
251 1.92008
252 1.92008
253 1.92008
254 1.92008
255 1.92008
256 1.92008
257 1.92008
258 1.92008
259 1.92008
260 1.92008
261 1.92008
262 1.92008
263 1.92008
264 1.92008
265 1.92008
266 1.92008
267 1.92008
268 1.92008
269 1.92008
270 1.92008
271 1.92008
272 1.92008
273 1.92008
274 1.92008
275 1.92008
276 1.92008
277 1.92008
278 1.92008
279 1.92008
280 1.92008
281 1.92008
282 1.92008
283 1.92008
284 1.92008
285 1.92008
286 1.92008
287 1.92008
288 1.92008
289 1.92008
290 1.92008
291 1.92008
292 1.92008
293 1.92008
294 1.92008
295 1.92008
296 1.92008
297 1.92008
298 1.92008
299 1.92008
300 1.92008
301 1.92008
302 1.92008
303 1.92008
304 1.92008
305 1.92008
306 1.92008
307 1.92008
308 1.92008
309 1.92008
310 1.92008
311 1.92008
312 1.92008
313 1.92008
314 1.92008
315 1.92008
316 1.92008
317 1.92008
318 1.92008
319 1.92008
320 1.92008
321 1.92008
322 1.92008
323 1.92008
324 1.92008
325 1.92008
326 1.92008
327 1.92008
328 1.92008
329 1.92008
330 1.92008
331 1.92008
332 1.92008
333 1.92008
334 1.92008
335 1.92008
336 1.92008
337 1.92008
338 1.92008
339 1.92008
340 1.92008
341 1.92008
342 1.92008
343 1.92008
344 1.92008
345 1.92008
346 1.92008
347 1.92008
348 1.92008
349 1.92008
350 1.92008
351 1.92008
352 1.92008
353 1.92008
354 1.92008
355 1.92008
356 1.92008
357 1.92008
358 1.92008
359 1.92008
360 1.92008
361 1.92008
362 1.92008
363 1.92008
364 1.92008
365 1.92008
366 1.92008
367 1.92008
368 1.92008
369 1.92008
370 1.92008
371 1.92008
372 1.92008
373 1.92008
374 1.92008
375 1.92008
376 1.92008
377 1.92008
378 1.92008
379 1.92008
380 1.92008
381 1.92008
382 1.92008
383 1.92008
384 1.92008
385 1.92008
386 1.92008
387 1.92008
388 1.92008
389 1.92008
390 1.92008
391 1.92008
392 1.92008
393 1.92008
394 1.92008
395 1.92008
396 1.92008
397 1.92008
398 1.92008
399 1.92008
400 1.92008
401 1.92008
402 1.92008
403 1.92008
404 1.92008
405 1.92008
406 1.92008
407 1.92008
408 1.92008
409 1.92008
410 1.92008
411 1.92008
412 1.92008
413 1.92008
414 1.92008
415 1.92008
416 1.92008
417 1.92008
418 1.92008
419 1.92008
420 1.92008
421 1.92008
422 1.92008
423 1.92008
424 1.92008
425 1.92008
426 1.92008
427 1.92008
428 1.92008
429 1.92008
430 1.92008
431 1.92008
432 1.92008
433 1.92008
434 1.92008
435 1.92008
436 1.92008
437 1.92008
438 1.92008
439 1.92008
440 1.92008
441 1.92008
442 1.92008
443 1.92008
444 1.92008
445 1.92008
446 1.92008
447 1.92008
448 1.92008
449 1.92008
450 1.92008
451 1.92008
452 1.92008
453 1.92008
454 1.92008
455 1.92008
456 1.92008
457 1.92008
458 1.92008
459 1.92008
460 1.92008
461 1.92008
462 1.92008
463 1.92008
464 1.92008
465 1.92008
466 1.92008
467 1.92008
468 1.92008
469 1.92008
470 1.92008
471 1.92008
472 1.92008
473 1.92008
474 1.92008
475 1.92008
476 1.92008
477 1.92008
478 1.92008
479 1.92008
480 1.92008
481 1.92008
482 1.92008
483 1.92008
484 1.92008
485 1.92008
486 1.92008
487 1.92008
488 1.92008
489 1.92008
490 1.92008
491 1.92008
492 1.92008
493 1.92008
494 1.92008
495 1.92008
496 1.92008
497 1.92008
498 1.92008
499 1.92008
500 1.92008
501 1.92008
502 1.92008
503 1.92008
504 1.92008
505 1.92008
506 1.92008
507 1.92008
508 1.92008
509 1.92008
510 1.92008
511 1.92008
512 1.92008
513 1.92008
514 1.92008
515 1.92008
516 1.92008
517 1.92008
518 1.92008
519 1.92008
520 1.92008
521 1.92008
522 1.92008
523 1.92008
524 1.92008
525 1.92008
526 1.92008
527 1.92008
528 1.92008
529 1.92008
530 1.92008
531 1.92008
532 1.92008
533 1.92008
534 1.92008
535 1.92008
536 1.92008
537 1.92008
538 1.92008
539 1.92008
540 1.92008
541 1.92008
542 1.92008
543 1.92008
544 1.92008
545 1.92008
546 1.92008
547 1.92008
548 1.92008
549 1.92008
550 1.92008
551 1.92008
552 1.92008
553 1.92008
554 1.92008
555 1.92008
556 1.92008
557 1.92008
558 1.92008
559 1.92008
560 1.92008
561 1.92008
562 1.92008
563 1.92008
564 1.92008
565 1.92008
566 1.92008
567 1.92008
568 1.92008
569 1.92008
570 1.92008
571 1.92008
572 1.92008
573 1.92008
574 1.92008
575 1.92008
576 1.92008
577 1.92008
578 1.92008
579 1.92008
580 1.92008
581 1.92008
582 1.92008
583 1.92008
584 1.92008
585 1.92008
586 1.92008
587 1.92008
588 1.92008
589 1.92008
590 1.92008
591 1.92008
592 1.92008
593 1.92008
594 1.92008
595 1.92008
596 1.92008
597 1.92008
598 1.92008
599 1.92008
600 1.92008
601 1.92008
602 1.92008
603 1.92008
604 1.92008
605 1.92008
606 1.92008
607 1.92008
608 1.92008
609 1.92008
610 1.92008
611 1.92008
612 1.92008
613 1.92008
614 1.92008
615 1.92008
616 1.92008
617 1.92008
618 1.92008
619 1.92008
620 1.92008
621 1.92008
622 1.92008
623 1.92008
624 1.92008
625 1.92008
626 1.92008
627 1.92008
628 1.92008
629 1.92008
630 1.92008
631 1.92008
632 1.92008
633 1.92008
634 1.92008
635 1.92008
636 1.92008
637 1.92008
638 1.92008
639 1.92008
640 1.92008
641 1.92008
642 1.92008
643 1.92008
644 1.92008
645 1.92008
646 1.92008
647 1.92008
648 1.92008
649 1.92008
650 1.92008
651 1.92008
652 1.92008
653 1.92008
654 1.92008
655 1.92008
656 1.92008
657 1.92008
658 1.92008
659 1.92008
660 1.92008
661 1.92008
662 1.92008
663 1.92008
664 1.92008
665 1.92008
666 1.92008
667 1.92008
668 1.92008
669 1.92008
670 1.92008
671 1.92008
672 1.92008
673 1.92008
674 1.92008
675 1.92008
676 1.92008
677 1.92008
678 1.92008
679 1.92008
680 1.92008
681 1.92008
682 1.92008
683 1.92008
684 1.92008
685 1.92008
686 1.92008
687 1.92008
688 1.92008
689 1.92008
690 1.92008
691 1.92008
692 1.92008
693 1.92008
694 1.92008
695 1.92008
696 1.92008
697 1.92008
698 1.92008
699 1.92008
700 1.92008
701 1.92008
702 1.92008
703 1.92008
704 1.92008
705 1.92008
706 1.92008
707 1.92008
708 1.92008
709 1.92008
710 1.92008
711 1.92008
712 1.92008
713 1.92008
714 1.92008
715 1.92008
716 1.92008
717 1.92008
718 1.92008
719 1.92008
720 1.92008
721 1.92008
722 1.92008
723 1.92008
724 1.92008
725 1.92008
726 1.92008
727 1.92008
728 1.92008
729 1.92008
730 1.92008
731 1.92008
732 1.92008
733 1.92008
734 1.92008
735 1.92008
736 1.92008
737 1.92008
738 1.92008
739 1.92008
740 1.92008
741 1.92008
742 1.92008
743 1.92008
744 1.92008
745 1.92008
746 1.92008
747 1.92008
748 1.92008
749 1.92008
750 1.92008
751 1.92008
752 1.92008
753 1.92008
754 1.92008
755 1.92008
756 1.92008
757 1.92008
758 1.92008
759 1.92008
760 1.92008
761 1.92008
762 1.92008
763 1.92008
764 1.92008
765 1.92008
766 1.92008
767 1.92008
768 1.92008
769 1.92008
770 1.92008
771 1.92008
772 1.92008
773 1.92008
774 1.92008
775 1.92008
776 1.92008
777 1.92008
778 1.92008
779 1.92008
780 1.92008
781 1.92008
782 1.92008
783 1.92008
784 1.92008
785 1.92008
786 1.92008
787 1.92008
788 1.92008
789 1.92008
790 1.92008
791 1.92008
792 1.92008
793 1.92008
794 1.92008
795 1.92008
796 1.92008
797 1.92008
798 1.92008
799 1.92008
800 1.92008
801 1.92008
802 1.92008
803 1.92008
804 1.92008
805 1.92008
806 1.92008
807 1.92008
808 1.92008
809 1.92008
810 1.92008
811 1.92008
812 1.92008
813 1.92008
814 1.92008
815 1.92008
816 1.92008
817 1.92008
818 1.92008
819 1.92008
820 1.92008
821 1.92008
822 1.92008
823 1.92008
824 1.92008
825 1.92008
826 1.92008
827 1.92008
828 1.92008
829 1.92008
830 1.92008
831 1.92008
832 1.92008
833 1.92008
834 1.92008
835 1.92008
836 1.92008
837 1.92008
838 1.92008
839 1.92008
840 1.92008
841 1.92008
842 1.92008
843 1.92008
844 1.92008
845 1.92008
846 1.92008
847 1.92008
848 1.92008
849 1.92008
850 1.92008
851 1.92008
852 1.92008
853 1.92008
854 1.92008
855 1.92008
856 1.92008
857 1.92008
858 1.92008
859 1.92008
860 1.92008
861 1.92008
862 1.92008
863 1.92008
864 1.92008
865 1.92008
866 1.92008
867 1.92008
868 1.92008
869 1.92008
870 1.92008
871 1.92008
872 1.92008
873 1.92008
874 1.92008
875 1.92008
876 1.92008
877 1.92008
878 1.92008
879 1.92008
880 1.92008
881 1.92008
882 1.92008
883 1.92008
884 1.92008
885 1.92008
886 1.92008
887 1.92008
888 1.92008
889 1.92008
890 1.92008
891 1.92008
892 1.92008
893 1.92008
894 1.92008
895 1.92008
896 1.92008
897 1.92008
898 1.92008
899 1.92008
900 1.92008
901 1.92008
902 1.92008
903 1.92008
904 1.92008
905 1.92008
906 1.92008
907 1.92008
908 1.92008
909 1.92008
910 1.92008
911 1.92008
912 1.92008
913 1.92008
914 1.92008
915 1.92008
916 1.92008
917 1.92008
918 1.92008
919 1.92008
920 1.92008
921 1.92008
922 1.92008
923 1.92008
924 1.92008
925 1.92008
926 1.92008
927 1.92008
928 1.92008
929 1.92008
930 1.92008
931 1.92008
932 1.92008
933 1.92008
934 1.92008
935 1.92008
936 1.92008
937 1.92008
938 1.92008
939 1.92008
940 1.92008
941 1.92008
942 1.92008
943 1.92008
944 1.92008
945 1.92008
946 1.92008
947 1.92008
948 1.92008
949 1.92008
950 1.92008
951 1.92008
952 1.92008
953 1.92008
954 1.92008
955 1.92008
956 1.92008
957 1.92008
958 1.92008
959 1.92008
960 1.92008
961 1.92008
962 1.92008
963 1.92008
964 1.92008
965 1.92008
966 1.92008
967 1.92008
968 1.92008
969 1.92008
970 1.92008
971 1.92008
972 1.92008
973 1.92008
974 1.92008
975 1.92008
976 1.92008
977 1.92008
978 1.92008
979 1.92008
980 1.92008
981 1.92008
982 1.92008
983 1.92008
984 1.92008
985 1.92008
986 1.92008
987 1.92008
988 1.92008
989 1.92008
990 1.92008
991 1.92008
992 1.92008
993 1.92008
994 1.92008
995 1.92008
996 1.92008
997 1.92008
998 1.92008
999 1.92008
1000 1.92008
1001 1.92008
1002 1.92008
1003 1.92008
1004 1.92008
1005 1.92008
1006 1.92008
1007 1.92008
1008 1.92008
1009 1.92008
1010 1.92008
1011 1.92008
1012 1.92008
1013 1.92008
1014 1.92008
1015 1.92008
1016 1.92008
1017 1.92008
1018 1.92008
1019 1.92008
1020 1.92008
1021 1.92008
1022 1.92008
1023 1.92008
1024 1.92008
1025 1.92008
1026 1.92008
1027 1.92008
1028 1.92008
1029 1.92008
1030 1.92008
1031 1.92008
1032 1.92008
1033 1.92008
1034 1.92008
1035 1.92008
1036 1.92008
1037 1.92008
1038 1.92008
1039 1.92008
1040 1.92008
1041 1.92008
1042 1.92008
1043 1.92008
1044 1.92008
1045 1.92008
1046 1.92008
1047 1.92008
1048 1.92008
1049 1.92008
1050 1.92008
1051 1.92008
1052 1.92008
1053 1.92008
1054 1.92008
1055 1.92008
1056 1.92008
1057 1.92008
1058 1.92008
1059 1.92008
1060 1.92008
1061 1.92008
1062 1.92008
1063 1.92008
1064 1.92008
1065 1.92008
1066 1.92008
1067 1.92008
1068 1.92008
1069 1.92008
1070 1.92008
1071 1.92008
1072 1.92008
1073 1.92008
1074 1.92008
1075 1.92008
1076 1.92008
1077 1.92008
1078 1.92008
1079 1.92008
1080 1.92008
1081 1.92008
1082 1.92008
1083 1.92008
1084 1.92008
1085 1.92008
1086 1.92008
1087 1.92008
1088 1.92008
1089 1.92008
1090 1.92008
1091 1.92008
1092 1.92008
1093 1.92008
1094 1.92008
1095 1.92008
1096 1.92008
1097 1.92008
1098 1.92008
1099 1.92008
1100 1.92008
1101 1.92008
1102 1.92008
1103 1.92008
1104 1.92008
1105 1.92008
1106 1.92008
1107 1.92008
1108 1.92008
1109 1.92008
1110 1.92008
1111 1.92008
1112 1.92008
1113 1.92008
1114 1.92008
1115 1.92008
1116 1.92008
1117 1.92008
1118 1.92008
1119 1.92008
1120 1.92008
1121 1.92008
1122 1.92008
1123 1.92008
1124 1.92008
1125 1.92008
1126 1.92008
1127 1.92008
1128 1.92008
1129 1.92008
1130 1.92008
1131 1.92008
1132 1.92008
1133 1.92008
1134 1.92008
1135 1.92008
1136 1.92008
1137 1.92008
1138 1.92008
1139 1.92008
1140 1.92008
1141 1.92008
1142 1.92008
1143 1.92008
1144 1.92008
1145 1.92008
1146 1.92008
1147 1.92008
1148 1.92008
1149 1.92008
1150 1.92008
1151 1.92008
1152 1.92008
1153 1.92008
1154 1.92008
1155 1.92008
1156 1.92008
1157 1.92008
1158 1.92008
1159 1.92008
1160 1.92008
1161 1.92008
1162 1.92008
1163 1.92008
1164 1.92008
1165 1.92008
1166 1.92008
1167 1.92008
1168 1.92008
1169 1.92008
1170 1.92008
1171 1.92008
1172 1.92008
1173 1.92008
1174 1.92008
1175 1.92008
1176 1.92008
1177 1.92008
1178 1.92008
1179 1.92008
1180 1.92008
1181 1.92008
1182 1.92008
1183 1.92008
1184 1.92008
1185 1.92008
1186 1.92008
1187 1.92008
1188 1.92008
1189 1.92008
1190 1.92008
1191 1.92008
1192 1.92008
1193 1.92008
1194 1.92008
1195 1.92008
1196 1.92008
1197 1.92008
1198 1.92008
1199 1.92008
1200 1.92008
1201 1.92008
1202 1.92008
1203 1.92008
1204 1.92008
1205 1.92008
1206 1.92008
1207 1.92008
1208 1.92008
1209 1.92008
1210 1.92008
1211 1.92008
1212 1.92008
1213 1.92008
1214 1.92008
1215 1.92008
1216 1.92008
1217 1.92008
1218 1.92008
1219 1.92008
1220 1.92008
1221 1.92008
1222 1.92008
1223 1.92008
1224 1.92008
1225 1.92008
1226 1.92008
1227 1.92008
1228 1.92008
1229 1.92008
1230 1.92008
1231 1.92008
1232 1.92008
1233 1.92008
1234 1.92008
1235 1.92008
1236 1.92008
1237 1.92008
1238 1.92008
1239 1.92008
1240 1.92008
1241 1.92008
1242 1.92008
1243 1.92008
1244 1.92008
1245 1.92008
1246 1.92008
1247 1.92008
1248 1.92008
1249 1.92008
1250 1.92008
1251 1.92008
1252 1.92008
1253 1.92008
1254 1.92008
1255 1.92008
1256 1.92008
1257 1.92008
1258 1.92008
1259 1.92008
1260 1.92008
1261 1.92008
1262 1.92008
1263 1.92008
1264 1.92008
1265 1.92008
1266 1.92008
1267 1.92008
1268 1.92008
1269 1.92008
1270 1.92008
1271 1.92008
1272 1.92008
1273 1.92008
1274 1.92008
1275 1.92008
1276 1.92008
1277 1.92008
1278 1.92008
1279 1.92008
1280 1.92008
1281 1.92008
1282 1.92008
1283 1.92008
1284 1.92008
1285 1.92008
1286 1.92008
1287 1.92008
1288 1.92008
1289 1.92008
1290 1.92008
1291 1.92008
1292 1.92008
1293 1.92008
1294 1.92008
1295 1.92008
1296 1.92008
1297 1.92008
1298 1.92008
1299 1.92008
1300 1.92008
1301 1.92008
1302 1.92008
1303 1.92008
1304 1.92008
1305 1.92008
1306 1.92008
1307 1.92008
1308 1.92008
1309 1.92008
1310 1.92008
1311 1.92008
1312 1.92008
1313 1.92008
1314 1.92008
1315 1.92008
1316 1.92008
1317 1.92008
1318 1.92008
1319 1.92008
1320 1.92008
1321 1.92008
1322 1.92008
1323 1.92008
1324 1.92008
1325 1.92008
1326 1.92008
1327 1.92008
1328 1.92008
1329 1.92008
1330 1.92008
1331 1.92008
1332 1.92008
1333 1.92008
1334 1.92008
1335 1.92008
1336 1.92008
1337 1.92008
1338 1.92008
1339 1.92008
1340 1.92008
1341 1.92008
1342 1.92008
1343 1.92008
1344 1.92008
1345 1.92008
1346 1.92008
1347 1.92008
1348 1.92008
1349 1.92008
1350 1.92008
1351 1.92008
1352 1.92008
1353 1.92008
1354 1.92008
1355 1.92008
1356 1.92008
1357 1.92008
1358 1.92008
1359 1.92008
1360 1.92008
1361 1.92008
1362 1.92008
1363 1.92008
1364 1.92008
1365 1.92008
1366 1.92008
1367 1.92008
1368 1.92008
1369 1.92008
1370 1.92008
1371 1.92008
1372 1.92008
1373 1.92008
1374 1.92008
1375 1.92008
1376 1.92008
1377 1.92008
1378 1.92008
1379 1.92008
1380 1.92008
1381 1.92008
1382 1.92008
1383 1.92008
1384 1.92008
1385 1.92008
1386 1.92008
1387 1.92008
1388 1.92008
1389 1.92008
1390 1.92008
1391 1.92008
1392 1.92008
1393 1.92008
1394 1.92008
1395 1.92008
1396 1.92008
1397 1.92008
1398 1.92008
1399 1.92008
1400 1.92008
1401 1.92008
1402 1.92008
1403 1.92008
1404 1.92008
1405 1.92008
1406 1.92008
1407 1.92008
1408 1.92008
1409 1.92008
1410 1.92008
1411 1.92008
1412 1.92008
1413 1.92008
1414 1.92008
1415 1.92008
1416 1.92008
1417 1.92008
1418 1.92008
1419 1.92008
1420 1.92008
1421 1.92008
1422 1.92008
1423 1.92008
1424 1.92008
1425 1.92008
1426 1.92008
1427 1.92008
1428 1.92008
1429 1.92008
1430 1.92008
1431 1.92008
1432 1.92008
1433 1.92008
1434 1.92008
1435 1.92008
1436 1.92008
1437 1.92008
1438 1.92008
1439 1.92008
1440 1.92008
1441 1.92008
1442 1.92008
1443 1.92008
1444 1.92008
1445 1.92008
1446 1.92008
1447 1.92008
1448 1.92008
1449 1.92008
1450 1.92008
1451 1.92008
1452 1.92008
1453 1.92008
1454 1.92008
1455 1.92008
1456 1.92008
1457 1.92008
1458 1.92008
1459 1.92008
1460 1.92008
1461 1.92008
1462 1.92008
1463 1.92008
1464 1.92008
1465 1.92008
1466 1.92008
1467 1.92008
1468 1.92008
1469 1.92008
1470 1.92008
1471 1.92008
1472 1.92008
1473 1.92008
1474 1.92008
1475 1.92008
1476 1.92008
1477 1.92008
1478 1.92008
1479 1.92008
1480 1.92008
1481 1.92008
1482 1.92008
1483 1.92008
1484 1.92008
1485 1.92008
1486 1.92008
1487 1.92008
1488 1.92008
1489 1.92008
1490 1.92008
1491 1.92008
1492 1.92008
1493 1.92008
1494 1.92008
1495 1.92008
1496 1.92008
1497 1.92008
1498 1.92008
1499 1.92008
1500 1.92008
1501 1.92008
1502 1.92008
1503 1.92008
1504 1.92008
1505 1.92008
1506 1.92008
1507 1.92008
1508 1.92008
1509 1.92008
1510 1.92008
1511 1.92008
1512 1.92008
1513 1.92008
1514 1.92008
1515 1.92008
1516 1.92008
1517 1.92008
1518 1.92008
1519 1.92008
1520 1.92008
1521 1.92008
1522 1.92008
1523 1.92008
1524 1.92008
1525 1.92008
1526 1.92008
1527 1.92008
1528 1.92008
1529 1.92008
1530 1.92008
1531 1.92008
1532 1.92008
1533 1.92008
1534 1.92008
1535 1.92008
1536 1.92008
1537 1.92008
1538 1.92008
1539 1.92008
1540 1.92008
1541 1.92008
1542 1.92008
1543 1.92008
1544 1.92008
1545 1.92008
1546 1.92008
1547 1.92008
1548 1.92008
1549 1.92008
1550 1.92008
1551 1.92008
1552 1.92008
1553 1.92008
1554 1.92008
1555 1.92008
1556 1.92008
1557 1.92008
1558 1.92008
1559 1.92008
1560 1.92008
1561 1.92008
1562 1.92008
1563 1.92008
1564 1.92008
1565 1.92008
1566 1.92008
1567 1.92008
1568 1.92008
1569 1.92008
1570 1.92008
1571 1.92008
1572 1.92008
1573 1.92008
1574 1.92008
1575 1.92008
1576 1.92008
1577 1.92008
1578 1.92008
1579 1.92008
1580 1.92008
1581 1.92008
1582 1.92008
1583 1.92008
1584 1.92008
1585 1.92008
1586 1.92008
1587 1.92008
1588 1.92008
1589 1.92008
1590 1.92008
1591 1.92008
1592 1.92008
1593 1.92008
1594 1.92008
1595 1.92008
1596 1.92008
1597 1.92008
1598 1.92008
1599 1.92008
1600 1.92008
1601 1.92008
1602 1.92008
1603 1.92008
1604 1.92008
1605 1.92008
1606 1.92008
1607 1.92008
1608 1.92008
1609 1.92008
1610 1.92008
1611 1.92008
1612 1.92008
1613 1.92008
1614 1.92008
1615 1.92008
1616 1.92008
1617 1.92008
1618 1.92008
1619 1.92008
1620 1.92008
1621 1.92008
1622 1.92008
1623 1.92008
1624 1.92008
1625 1.92008
1626 1.92008
1627 1.92008
1628 1.92008
1629 1.92008
1630 1.92008
1631 1.92008
1632 1.92008
1633 1.92008
1634 1.92008
1635 1.92008
1636 1.92008
1637 1.92008
1638 1.92008
1639 1.92008
1640 1.92008
1641 1.92008
1642 1.92008
1643 1.92008
1644 1.92008
1645 1.92008
1646 1.92008
1647 1.92008
1648 1.92008
1649 1.92008
1650 1.92008
1651 1.92008
1652 1.92008
1653 1.92008
1654 1.92008
1655 1.92008
1656 1.92008
1657 1.92008
1658 1.92008
1659 1.92008
1660 1.92008
1661 1.92008
1662 1.92008
1663 1.92008
1664 1.92008
1665 1.92008
1666 1.92008
1667 1.92008
1668 1.92008
1669 1.92008
1670 1.92008
1671 1.92008
1672 1.92008
1673 1.92008
1674 1.92008
1675 1.92008
1676 1.92008
1677 1.92008
1678 1.92008
1679 1.92008
1680 1.92008
1681 1.92008
1682 1.92008
1683 1.92008
1684 1.92008
1685 1.92008
1686 1.92008
1687 1.92008
1688 1.92008
1689 1.92008
1690 1.92008
1691 1.92008
1692 1.92008
1693 1.92008
1694 1.92008
1695 1.92008
1696 1.92008
1697 1.92008
1698 1.92008
1699 1.92008
1700 1.92008
1701 1.92008
1702 1.92008
1703 1.92008
1704 1.92008
1705 1.92008
1706 1.92008
1707 1.92008
1708 1.92008
1709 1.92008
1710 1.92008
1711 1.92008
1712 1.92008
1713 1.92008
1714 1.92008
1715 1.92008
1716 1.92008
1717 1.92008
1718 1.92008
1719 1.92008
1720 1.92008
1721 1.92008
1722 1.92008
1723 1.92008
1724 1.92008
1725 1.92008
1726 1.92008
1727 1.92008
1728 1.92008
1729 1.92008
1730 1.92008
1731 1.92008
1732 1.92008
1733 1.92008
1734 1.92008
1735 1.92008
1736 1.92008
1737 1.92008
1738 1.92008
1739 1.92008
1740 1.92008
1741 1.92008
1742 1.92008
1743 1.92008
1744 1.92008
1745 1.92008
1746 1.92008
1747 1.92008
1748 1.92008
1749 1.92008
1750 1.92008
1751 1.92008
1752 1.92008
1753 1.92008
1754 1.92008
1755 1.92008
1756 1.92008
1757 1.92008
1758 1.92008
1759 1.92008
1760 1.92008
1761 1.92008
1762 1.92008
1763 1.92008
1764 1.92008
1765 1.92008
1766 1.92008
1767 1.92008
1768 1.92008
1769 1.92008
1770 1.92008
1771 1.92008
1772 1.92008
1773 1.92008
1774 1.92008
1775 1.92008
1776 1.92008
1777 1.92008
1778 1.92008
1779 1.92008
1780 1.92008
1781 1.92008
1782 1.92008
1783 1.92008
1784 1.92008
1785 1.92008
1786 1.92008
1787 1.92008
1788 1.92008
1789 1.92008
1790 1.92008
1791 1.92008
1792 1.92008
1793 1.92008
1794 1.92008
1795 1.92008
1796 1.92008
1797 1.92008
1798 1.92008
1799 1.92008
1800 1.92008
1801 1.92008
1802 1.92008
1803 1.92008
1804 1.92008
1805 1.92008
1806 1.92008
1807 1.92008
1808 1.92008
1809 1.92008
1810 1.92008
1811 1.92008
1812 1.92008
1813 1.92008
1814 1.92008
1815 1.92008
1816 1.92008
1817 1.92008
1818 1.92008
1819 1.92008
1820 1.92008
1821 1.92008
1822 1.92008
1823 1.92008
1824 1.92008
1825 1.92008
1826 1.92008
1827 1.92008
1828 1.92008
1829 1.92008
1830 1.92008
1831 1.92008
1832 1.92008
1833 1.92008
1834 1.92008
1835 1.92008
1836 1.92008
1837 1.92008
1838 1.92008
1839 1.92008
1840 1.92008
1841 1.92008
1842 1.92008
1843 1.92008
1844 1.92008
1845 1.92008
1846 1.92008
1847 1.92008
1848 1.92008
1849 1.92008
1850 1.92008
1851 1.92008
1852 1.92008
1853 1.92008
1854 1.92008
1855 1.92008
1856 1.92008
1857 1.92008
1858 1.92008
1859 1.92008
1860 1.92008
1861 1.92008
1862 1.92008
1863 1.92008
1864 1.92008
1865 1.92008
1866 1.92008
1867 1.92008
1868 1.92008
1869 1.92008
1870 1.92008
1871 1.92008
1872 1.92008
1873 1.92008
1874 1.92008
1875 1.92008
1876 1.92008
1877 1.92008
1878 1.92008
1879 1.92008
1880 1.92008
1881 1.92008
1882 1.92008
1883 1.92008
1884 1.92008
1885 1.92008
1886 1.92008
1887 1.92008
1888 1.92008
1889 1.92008
1890 1.92008
1891 1.92008
1892 1.92008
1893 1.92008
1894 1.92008
1895 1.92008
1896 1.92008
1897 1.92008
1898 1.92008
1899 1.92008
1900 1.92008
1901 1.92008
1902 1.92008
1903 1.92008
1904 1.92008
1905 1.92008
1906 1.92008
1907 1.92008
1908 1.92008
1909 1.92008
1910 1.92008
1911 1.92008
1912 1.92008
1913 1.92008
1914 1.92008
1915 1.92008
1916 1.92008
1917 1.92008
1918 1.92008
1919 1.92008
1920 1.92008
1921 1.92008
1922 1.92008
1923 1.92008
1924 1.92008
1925 1.92008
1926 1.92008
1927 1.92008
1928 1.92008
1929 1.92008
1930 1.92008
1931 1.92008
1932 1.92008
1933 1.92008
1934 1.92008
1935 1.92008
1936 1.92008
1937 1.92008
1938 1.92008
1939 1.92008
1940 1.92008
1941 1.92008
1942 1.92008
1943 1.92008
1944 1.92008
1945 1.92008
1946 1.92008
1947 1.92008
1948 1.92008
1949 1.92008
1950 1.92008
1951 1.92008
1952 1.92008
1953 1.92008
1954 1.92008
1955 1.92008
1956 1.92008
1957 1.92008
1958 1.92008
1959 1.92008
1960 1.92008
1961 1.92008
1962 1.92008
1963 1.92008
1964 1.92008
1965 1.92008
1966 1.92008
1967 1.92008
1968 1.92008
1969 1.92008
1970 1.92008
1971 1.92008
1972 1.92008
1973 1.92008
1974 1.92008
1975 1.92008
1976 1.92008
1977 1.92008
1978 1.92008
1979 1.92008
1980 1.92008
1981 1.92008
1982 1.92008
1983 1.92008
1984 1.92008
1985 1.92008
1986 1.92008
1987 1.92008
1988 1.92008
1989 1.92008
1990 1.92008
1991 1.92008
1992 1.92008
1993 1.92008
1994 1.92008
1995 1.92008
1996 1.92008
1997 1.92008
1998 1.92008
1999 1.92008
2000 1.92008
2001 1.92008
